0 161.613
0.00334448 163.644
0.00668896 165.58
0.0100334 167.42
0.0133779 169.163
0.0167224 170.811
0.0200669 172.365
0.0234114 173.825
0.0267559 175.194
0.0301003 176.471
0.0334448 177.66
0.0367893 178.771
0.0401338 179.817
0.0434783 180.809
0.0468227 181.759
0.0501672 182.681
0.0535117 183.582
0.0568562 184.463
0.0602007 185.324
0.0635452 186.161
0.0668896 186.974
0.0702341 187.761
0.0735786 188.52
0.0769231 189.254
0.0802676 189.963
0.083612 190.648
0.0869565 191.311
0.090301 191.954
0.0936455 192.578
0.09699 193.182
0.100334 193.767
0.103679 194.332
0.107023 194.879
0.110368 195.407
0.113712 195.916
0.117057 196.407
0.120401 196.881
0.123746 197.337
0.12709 197.777
0.130435 198.201
0.133779 198.61
0.137124 199.005
0.140468 199.385
0.143813 199.753
0.147157 200.108
0.150502 200.451
0.153846 200.782
0.157191 201.102
0.160535 201.411
0.16388 201.708
0.167224 201.994
0.170569 202.269
0.173913 202.532
0.177258 202.784
0.180602 203.026
0.183946 203.257
0.187291 203.48
0.190635 203.692
0.19398 203.897
0.197324 204.092
0.200669 204.279
0.204013 204.457
0.207358 204.626
0.210702 204.788
0.214047 204.94
0.217391 205.085
0.220736 205.22
0.22408 205.348
0.227425 205.467
0.230769 205.577
0.234114 205.679
0.237458 205.771
0.240803 205.855
0.244147 205.929
0.247492 205.994
0.250836 206.049
0.254181 206.093
0.257525 206.128
0.26087 206.153
0.264214 206.168
0.267559 206.173
0.270903 206.168
0.274247 206.153
0.277592 206.128
0.280936 206.093
0.284281 206.048
0.287625 205.992
0.29097 205.925
0.294314 205.847
0.297659 205.757
0.301003 205.656
0.304348 205.542
0.307692 205.416
0.311037 205.278
0.314381 205.127
0.317726 204.962
0.32107 204.785
0.324415 204.595
0.327759 204.392
0.331104 204.176
0.334448 203.947
0.337793 203.705
0.341137 203.45
0.344482 203.182
0.347826 202.9
0.351171 202.606
0.354515 202.298
0.35786 201.977
0.361204 201.642
0.364548 201.292
0.367893 200.928
0.371237 200.548
0.374582 200.155
0.377926 199.754
0.381271 199.348
0.384615 198.942
0.38796 198.542
0.391304 198.151
0.394649 197.773
0.397993 197.408
0.401338 197.055
0.404682 196.714
0.408027 196.385
0.411371 196.069
0.414716 195.764
0.41806 195.473
0.421405 195.194
0.424749 194.929
0.428094 194.678
0.431438 194.441
0.434783 194.222
0.438127 194.027
0.441472 193.863
0.444816 193.736
0.448161 193.653
0.451505 193.62
0.454849 193.639
0.458194 193.705
0.461538 193.816
0.464883 193.966
0.468227 194.15
0.471572 194.366
0.474916 194.609
0.478261 194.875
0.481605 195.16
0.48495 195.462
0.488294 195.776
0.491639 196.1
0.494983 196.43
0.498328 196.768
0.501672 197.112
0.505017 197.463
0.508361 197.821
0.511706 198.186
0.51505 198.557
0.518395 198.934
0.521739 199.315
0.525084 199.701
0.528428 200.091
0.531773 200.484
0.535117 200.88
0.538462 201.278
0.541806 201.678
0.545151 202.079
0.548495 202.48
0.551839 202.882
0.555184 203.283
0.558528 203.683
0.561873 204.08
0.565217 204.474
0.568562 204.863
0.571906 205.247
0.575251 205.625
0.578595 205.998
0.58194 206.366
0.585284 206.73
0.588629 207.089
0.591973 207.444
0.595318 207.795
0.598662 208.141
0.602007 208.482
0.605351 208.817
0.608696 209.146
0.61204 209.467
0.615385 209.781
0.618729 210.086
0.622074 210.381
0.625418 210.665
0.628763 210.937
0.632107 211.197
0.635452 211.443
0.638796 211.674
0.64214 211.891
0.645485 212.093
0.648829 212.279
0.652174 212.45
0.655518 212.603
0.658863 212.74
0.662207 212.86
0.665552 212.964
0.668896 213.05
0.672241 213.119
0.675585 213.171
0.67893 213.205
0.682274 213.221
0.685619 213.219
0.688963 213.199
0.692308 213.16
0.695652 213.103
0.698997 213.027
0.702341 212.934
0.705686 212.823
0.70903 212.695
0.712375 212.551
0.715719 212.389
0.719064 212.211
0.722408 212.015
0.725753 211.803
0.729097 211.574
0.732441 211.327
0.735786 211.065
0.73913 210.785
0.742475 210.49
0.745819 210.18
0.749164 209.855
0.752508 209.515
0.755853 209.161
0.759197 208.794
0.762542 208.414
0.765886 208.022
0.769231 207.618
0.772575 207.204
0.77592 206.779
0.779264 206.344
0.782609 205.899
0.785953 205.445
0.789298 204.982
0.792642 204.51
0.795987 204.03
0.799331 203.543
0.802676 203.05
0.80602 202.55
0.809365 202.045
0.812709 201.535
0.816054 201.021
0.819398 200.502
0.822742 199.98
0.826087 199.453
0.829431 198.921
0.832776 198.386
0.83612 197.848
0.839465 197.307
0.842809 196.766
0.846154 196.226
0.849498 195.687
0.852843 195.151
0.856187 194.617
0.859532 194.084
0.862876 193.551
0.866221 193.017
0.869565 192.481
0.87291 191.943
0.876254 191.401
0.879599 190.856
0.882943 190.307
0.886288 189.754
0.889632 189.197
0.892977 188.635
0.896321 188.069
0.899666 187.497
0.90301 186.92
0.906355 186.338
0.909699 185.75
0.913043 185.156
0.916388 184.556
0.919732 183.952
0.923077 183.345
0.926421 182.735
0.929766 182.123
0.93311 181.509
0.936455 180.895
0.939799 180.277
0.943144 179.657
0.946488 179.032
0.949833 178.402
0.953177 177.767
0.956522 177.129
0.959866 176.493
0.963211 175.862
0.966555 175.241
0.9699 174.633
0.973244 174.041
0.976589 173.466
0.979933 172.909
0.983278 172.37
0.986622 171.848
0.989967 171.344
0.993311 170.859
0.996656 170.39
1 169.94
