0 0
0.01 2.67488
0.02 5.3496
0.03 8.02425
0.04 10.6989
0.05 13.3735
0.06 16.0481
0.07 18.7226
0.08 21.3969
0.09 24.071
0.1 26.7445
0.11 29.4175
0.12 32.0896
0.13 34.7607
0.14 37.4308
0.15 40.0994
0.16 42.7666
0.17 45.4321
0.18 48.0957
0.19 50.7574
0.2 53.4169
0.21 56.0742
0.22 58.7291
0.23 61.3814
0.24 64.0312
0.25 66.6782
0.26 69.3223
0.27 71.9636
0.28 74.6018
0.29 77.2369
0.3 79.8688
0.31 82.4975
0.32 85.1228
0.33 87.7447
0.34 90.3632
0.35 92.9781
0.36 95.5894
0.37 98.197
0.38 100.801
0.39 103.401
0.4 105.997
0.41 108.59
0.42 111.178
0.43 113.763
0.44 116.344
0.45 118.92
0.46 121.493
0.47 124.061
0.48 126.625
0.49 129.185
0.5 131.741
0.51 134.292
0.52 136.839
0.53 139.382
0.54 141.92
0.55 144.454
0.56 146.984
0.57 149.509
0.58 152.03
0.59 154.546
0.6 157.058
0.61 159.566
0.62 162.068
0.63 164.567
0.64 167.061
0.65 169.55
0.66 172.035
0.67 174.515
0.68 176.99
0.69 179.461
0.7 181.928
0.71 184.39
0.72 186.847
0.73 189.3
0.74 191.748
0.75 194.192
0.76 196.631
0.77 199.065
0.78 201.495
0.79 203.921
0.8 206.341
0.81 208.758
0.82 211.169
0.83 213.577
0.84 215.98
0.85 218.378
0.86 220.772
0.87 223.162
0.88 225.547
0.89 227.928
0.9 230.305
0.91 232.677
0.92 235.046
0.93 237.411
0.94 239.771
0.95 242.128
0.96 244.481
0.97 246.831
0.98 249.178
0.99 251.521
1 253.861

0 0.00500993
0.00334448 0.898198
0.00668896 1.79155
0.0100334 2.68506
0.0133779 3.57871
0.0167224 4.4725
0.0200669 5.36641
0.0234114 6.26043
0.0267559 7.15457
0.0301003 8.04879
0.0334448 8.94311
0.0367893 9.8375
0.0401338 10.732
0.0434783 11.6265
0.0468227 12.5211
0.0501672 13.4157
0.0535117 14.3103
0.0568562 15.205
0.0602007 16.0997
0.0635452 16.9944
0.0668896 17.8891
0.0702341 18.7838
0.0735786 19.6784
0.0769231 20.5731
0.0802676 21.4677
0.083612 22.3623
0.0869565 23.2568
0.090301 24.1513
0.0936455 25.0457
0.09699 25.94
0.100334 26.8343
0.103679 27.7285
0.107023 28.6226
0.110368 29.5166
0.113712 30.4105
0.117057 31.3043
0.120401 32.1979
0.123746 33.0915
0.12709 33.9849
0.130435 34.8782
0.133779 35.7713
0.137124 36.6643
0.140468 37.5571
0.143813 38.4498
0.147157 39.3423
0.150502 40.2346
0.153846 41.1268
0.157191 42.0188
0.160535 42.9106
0.16388 43.8021
0.167224 44.6935
0.170569 45.5847
0.173913 46.4757
0.177258 47.3665
0.180602 48.257
0.183946 49.1473
0.187291 50.0374
0.190635 50.9272
0.19398 51.8169
0.197324 52.7062
0.200669 53.5953
0.204013 54.4842
0.207358 55.3728
0.210702 56.2611
0.214047 57.1492
0.217391 58.037
0.220736 58.9245
0.22408 59.8118
0.227425 60.6987
0.230769 61.5854
0.234114 62.4718
0.237458 63.3579
0.240803 64.2436
0.244147 65.1291
0.247492 66.0143
0.250836 66.8991
0.254181 67.7837
0.257525 68.6679
0.26087 69.5518
0.264214 70.4354
0.267559 71.3186
0.270903 72.2015
0.274247 73.0841
0.277592 73.9663
0.280936 74.8482
0.284281 75.7298
0.287625 76.611
0.29097 77.4918
0.294314 78.3723
0.297659 79.2524
0.301003 80.1322
0.304348 81.0116
0.307692 81.8907
0.311037 82.7693
0.314381 83.6476
0.317726 84.5255
0.32107 85.4031
0.324415 86.2802
0.327759 87.157
0.331104 88.0334
0.334448 88.9094
0.337793 89.785
0.341137 90.6602
0.344482 91.5351
0.347826 92.4095
0.351171 93.2835
0.354515 94.1571
0.35786 95.0303
0.361204 95.9031
0.364548 96.7755
0.367893 97.6475
0.371237 98.5191
0.374582 99.3902
0.377926 100.261
0.381271 101.131
0.384615 102.001
0.38796 102.871
0.391304 103.74
0.394649 104.608
0.397993 105.476
0.401338 106.344
0.404682 107.212
0.408027 108.078
0.411371 108.945
0.414716 109.811
0.41806 110.676
0.421405 111.542
0.424749 112.406
0.428094 113.27
0.431438 114.134
0.434783 114.998
0.438127 115.86
0.441472 116.723
0.444816 117.585
0.448161 118.446
0.451505 119.307
0.454849 120.168
0.458194 121.028
0.461538 121.888
0.464883 122.747
0.468227 123.606
0.471572 124.464
0.474916 125.322
0.478261 126.179
0.481605 127.036
0.48495 127.893
0.488294 128.749
0.491639 129.604
0.494983 130.459
0.498328 131.313
0.501672 132.168
0.505017 133.021
0.508361 133.874
0.511706 134.727
0.51505 135.579
0.518395 136.431
0.521739 137.282
0.525084 138.132
0.528428 138.983
0.531773 139.832
0.535117 140.681
0.538462 141.53
0.541806 142.378
0.545151 143.226
0.548495 144.073
0.551839 144.92
0.555184 145.767
0.558528 146.612
0.561873 147.458
0.565217 148.302
0.568562 149.147
0.571906 149.99
0.575251 150.834
0.578595 151.677
0.58194 152.519
0.585284 153.361
0.588629 154.202
0.591973 155.043
0.595318 155.883
0.598662 156.723
0.602007 157.562
0.605351 158.401
0.608696 159.239
0.61204 160.077
0.615385 160.914
0.618729 161.751
0.622074 162.587
0.625418 163.423
0.628763 164.258
0.632107 165.093
0.635452 165.927
0.638796 166.761
0.64214 167.594
0.645485 168.427
0.648829 169.259
0.652174 170.091
0.655518 170.922
0.658863 171.753
0.662207 172.583
0.665552 173.413
0.668896 174.242
0.672241 175.07
0.675585 175.899
0.67893 176.726
0.682274 177.553
0.685619 178.38
0.688963 179.206
0.692308 180.031
0.695652 180.856
0.698997 181.681
0.702341 182.505
0.705686 183.328
0.70903 184.151
0.712375 184.974
0.715719 185.796
0.719064 186.617
0.722408 187.438
0.725753 188.259
0.729097 189.079
0.732441 189.898
0.735786 190.717
0.73913 191.535
0.742475 192.353
0.745819 193.17
0.749164 193.987
0.752508 194.804
0.755853 195.619
0.759197 196.435
0.762542 197.25
0.765886 198.064
0.769231 198.878
0.772575 199.691
0.77592 200.504
0.779264 201.316
0.782609 202.128
0.785953 202.939
0.789298 203.75
0.792642 204.56
0.795987 205.37
0.799331 206.179
0.802676 206.987
0.80602 207.796
0.809365 208.603
0.812709 209.411
0.816054 210.217
0.819398 211.024
0.822742 211.829
0.826087 212.634
0.829431 213.439
0.832776 214.243
0.83612 215.047
0.839465 215.85
0.842809 216.653
0.846154 217.455
0.849498 218.257
0.852843 219.058
0.856187 219.859
0.859532 220.659
0.862876 221.459
0.866221 222.259
0.869565 223.057
0.87291 223.856
0.876254 224.654
0.879599 225.451
0.882943 226.248
0.886288 227.045
0.889632 227.841
0.892977 228.636
0.896321 229.431
0.899666 230.226
0.90301 231.02
0.906355 231.813
0.909699 232.607
0.913043 233.399
0.916388 234.192
0.919732 234.984
0.923077 235.775
0.926421 236.566
0.929766 237.356
0.93311 238.146
0.936455 238.936
0.939799 239.725
0.943144 240.514
0.946488 241.302
0.949833 242.09
0.953177 242.878
0.956522 243.665
0.959866 244.451
0.963211 245.237
0.966555 246.023
0.9699 246.808
0.973244 247.593
0.976589 248.378
0.979933 249.162
0.983278 249.946
0.986622 250.729
0.989967 251.512
0.993311 252.295
0.996656 253.077
1 253.858
