0 292.186
0.00334448 292.069
0.00668896 292.004
0.0100334 291.989
0.0133779 292.019
0.0167224 292.09
0.0200669 292.195
0.0234114 292.326
0.0267559 292.477
0.0301003 292.642
0.0334448 292.817
0.0367893 293.009
0.0401338 293.229
0.0434783 293.485
0.0468227 293.787
0.0501672 294.147
0.0535117 294.568
0.0568562 295.047
0.0602007 295.573
0.0635452 296.137
0.0668896 296.732
0.0702341 297.347
0.0735786 297.976
0.0769231 298.611
0.0802676 299.247
0.083612 299.88
0.0869565 300.503
0.090301 301.111
0.0936455 301.699
0.09699 302.264
0.100334 302.805
0.103679 303.318
0.107023 303.801
0.110368 304.253
0.113712 304.67
0.117057 305.054
0.120401 305.403
0.123746 305.718
0.12709 305.998
0.130435 306.244
0.133779 306.455
0.137124 306.633
0.140468 306.778
0.143813 306.891
0.147157 306.974
0.150502 307.026
0.153846 307.05
0.157191 307.046
0.160535 307.017
0.16388 306.963
0.167224 306.887
0.170569 306.789
0.173913 306.671
0.177258 306.535
0.180602 306.381
0.183946 306.211
0.187291 306.027
0.190635 305.829
0.19398 305.62
0.197324 305.399
0.200669 305.169
0.204013 304.931
0.207358 304.687
0.210702 304.436
0.214047 304.182
0.217391 303.924
0.220736 303.663
0.22408 303.401
0.227425 303.137
0.230769 302.873
0.234114 302.609
0.237458 302.346
0.240803 302.084
0.244147 301.825
0.247492 301.569
0.250836 301.316
0.254181 301.067
0.257525 300.822
0.26087 300.582
0.264214 300.347
0.267559 300.116
0.270903 299.891
0.274247 299.67
0.277592 299.454
0.280936 299.242
0.284281 299.032
0.287625 298.824
0.29097 298.617
0.294314 298.411
0.297659 298.205
0.301003 298.001
0.304348 297.797
0.307692 297.595
0.311037 297.394
0.314381 297.195
0.317726 296.995
0.32107 296.794
0.324415 296.591
0.327759 296.383
0.331104 296.171
0.334448 295.953
0.337793 295.729
0.341137 295.498
0.344482 295.261
0.347826 295.017
0.351171 294.767
0.354515 294.509
0.35786 294.244
0.361204 293.972
0.364548 293.692
0.367893 293.405
0.371237 293.109
0.374582 292.805
0.377926 292.492
0.381271 292.17
0.384615 291.838
0.38796 291.496
0.391304 291.145
0.394649 290.782
0.397993 290.41
0.401338 290.028
0.404682 289.635
0.408027 289.234
0.411371 288.823
0.414716 288.403
0.41806 287.974
0.421405 287.535
0.424749 287.086
0.428094 286.628
0.431438 286.159
0.434783 285.681
0.438127 285.192
0.441472 284.695
0.444816 284.188
0.448161 283.673
0.451505 283.15
0.454849 282.618
0.458194 282.079
0.461538 281.531
0.464883 280.975
0.468227 280.411
0.471572 279.838
0.474916 279.257
0.478261 278.668
0.481605 278.071
0.48495 277.467
0.488294 276.854
0.491639 276.234
0.494983 275.607
0.498328 274.972
0.501672 274.329
0.505017 273.679
0.508361 273.021
0.511706 272.355
0.51505 271.682
0.518395 271.002
0.521739 270.314
0.525084 269.62
0.528428 268.92
0.531773 268.215
0.535117 267.503
0.538462 266.785
0.541806 266.059
0.545151 265.325
0.548495 264.583
0.551839 263.831
0.555184 263.071
0.558528 262.306
0.561873 261.54
0.565217 260.776
0.568562 260.017
0.571906 259.265
0.575251 258.516
0.578595 257.757
0.58194 256.976
0.585284 256.159
0.588629 255.295
0.591973 254.374
0.595318 253.416
0.598662 252.472
0.602007 251.588
0.605351 250.814
0.608696 250.199
0.61204 249.789
0.615385 249.576
0.618729 249.517
0.622074 249.568
0.625418 249.682
0.628763 249.815
0.632107 249.924
0.635452 250.002
0.638796 250.066
0.64214 250.133
0.645485 250.222
0.648829 250.349
0.652174 250.531
0.655518 250.768
0.658863 251.049
0.662207 251.362
0.665552 251.696
0.668896 252.041
0.672241 252.385
0.675585 252.724
0.67893 253.06
0.682274 253.393
0.685619 253.725
0.688963 254.056
0.692308 254.388
0.695652 254.725
0.698997 255.073
0.702341 255.439
0.705686 255.829
0.70903 256.25
0.712375 256.707
0.715719 257.2
0.719064 257.724
0.722408 258.276
0.725753 258.851
0.729097 259.445
0.732441 260.054
0.735786 260.676
0.73913 261.308
0.742475 261.949
0.745819 262.596
0.749164 263.248
0.752508 263.902
0.755853 264.559
0.759197 265.218
0.762542 265.879
0.765886 266.544
0.769231 267.211
0.772575 267.882
0.77592 268.556
0.779264 269.233
0.782609 269.914
0.785953 270.597
0.789298 271.283
0.792642 271.971
0.795987 272.662
0.799331 273.356
0.802676 274.052
0.80602 274.751
0.809365 275.452
0.812709 276.156
0.816054 276.863
0.819398 277.572
0.822742 278.283
0.826087 278.997
0.829431 279.715
0.832776 280.434
0.83612 281.157
0.839465 281.884
0.842809 282.614
0.846154 283.348
0.849498 284.086
0.852843 284.828
0.856187 285.576
0.859532 286.329
0.862876 287.089
0.866221 287.856
0.869565 288.629
0.87291 289.411
0.876254 290.202
0.879599 291.003
0.882943 291.815
0.886288 292.639
0.889632 293.476
0.892977 294.328
0.896321 295.196
0.899666 296.082
0.90301 296.989
0.906355 297.918
0.909699 298.873
0.913043 299.854
0.916388 300.866
0.919732 301.909
0.923077 302.987
0.926421 304.102
0.929766 305.256
0.93311 306.453
0.936455 307.699
0.939799 309.002
0.943144 310.369
0.946488 311.808
0.949833 313.328
0.953177 314.934
0.956522 316.631
0.959866 318.42
0.963211 320.305
0.966555 322.289
0.9699 324.373
0.973244 326.561
0.976589 328.859
0.979933 331.275
0.983278 333.816
0.986622 336.49
0.989967 339.302
0.993311 342.261
0.996656 345.368
1 348.626
