0 0
0.00666667 1.93833
0.0133333 3.87314
0.02 5.80434
0.0266667 7.73187
0.0333333 9.65566
0.04 11.5756
0.0466667 13.4915
0.0533333 15.4031
0.06 17.3104
0.0666667 19.213
0.0733333 21.1108
0.08 23.0035
0.0866667 24.8908
0.0933333 26.7727
0.1 28.6489
0.106667 30.5193
0.113333 32.3836
0.12 34.2418
0.126667 36.0937
0.133333 37.9393
0.14 39.7785
0.146667 41.6113
0.153333 43.4375
0.16 45.2571
0.166667 47.0702
0.173333 48.8768
0.18 50.6768
0.186667 52.4703
0.193333 54.2573
0.2 56.0379
0.206667 57.8121
0.213333 59.5801
0.22 61.3418
0.226667 63.0975
0.233333 64.8472
0.24 66.591
0.246667 68.329
0.253333 70.0614
0.26 71.7883
0.266667 73.5097
0.273333 75.2259
0.28 76.937
0.286667 78.6431
0.293333 80.3443
0.3 82.0407
0.306667 83.7325
0.313333 85.4197
0.32 87.1025
0.326667 88.781
0.333333 90.4552
0.34 92.1254
0.346667 93.7914
0.353333 95.4535
0.36 97.1116
0.366667 98.766
0.373333 100.416
0.38 102.063
0.386667 103.706
0.393333 105.346
0.4 106.982
0.406667 108.614
0.413333 110.243
0.42 111.868
0.426667 113.49
0.433333 115.108
0.44 116.723
0.446667 118.334
0.453333 119.942
0.46 121.546
0.466667 123.147
0.473333 124.745
0.48 126.339
0.486667 127.93
0.493333 129.518
0.5 131.102
0.506667 132.682
0.513333 134.259
0.52 135.833
0.526667 137.403
0.533333 138.97
0.54 140.534
0.546667 142.094
0.553333 143.65
0.56 145.203
0.566667 146.753
0.573333 148.299
0.58 149.841
0.586667 151.38
0.593333 152.916
0.6 154.448
0.606667 155.976
0.613333 157.501
0.62 159.022
0.626667 160.54
0.633333 162.054
0.64 163.564
0.646667 165.071
0.653333 166.574
0.66 168.073
0.666667 169.568
0.673333 171.06
0.68 172.548
0.686667 174.031
0.693333 175.511
0.7 176.987
0.706667 178.459
0.713333 179.927
0.72 181.391
0.726667 182.85
0.733333 184.306
0.74 185.757
0.746667 187.204
0.753333 188.647
0.76 190.086
0.766667 191.52
0.773333 192.95
0.78 194.375
0.786667 195.796
0.793333 197.213
0.8 198.625
0.806667 200.033
0.813333 201.437
0.82 202.835
0.826667 204.23
0.833333 205.62
0.84 207.005
0.846667 208.386
0.853333 209.762
0.86 211.133
0.866667 212.5
0.873333 213.863
0.88 215.22
0.886667 216.573
0.893333 217.921
0.9 219.264
0.906667 220.602
0.913333 221.935
0.92 223.263
0.926667 224.586
0.933333 225.903
0.94 227.215
0.946667 228.521
0.953333 229.821
0.96 231.115
0.966667 232.403
0.973333 233.684
0.98 234.959
0.986667 236.228
0.993333 237.49
1 238.745

0 -0.0535053
0.00334448 0.92793
0.00668896 1.90805
0.0100334 2.88684
0.0133779 3.86427
0.0167224 4.84034
0.0200669 5.81503
0.0234114 6.78831
0.0267559 7.76019
0.0301003 8.73063
0.0334448 9.69964
0.0367893 10.6672
0.0401338 11.6333
0.0434783 12.5979
0.0468227 13.561
0.0501672 14.5227
0.0535117 15.4828
0.0568562 16.4414
0.0602007 17.3985
0.0635452 18.3541
0.0668896 19.3081
0.0702341 20.2606
0.0735786 21.2116
0.0769231 22.161
0.0802676 23.1088
0.083612 24.0551
0.0869565 24.9998
0.090301 25.9429
0.0936455 26.8844
0.09699 27.8244
0.100334 28.7628
0.103679 29.6997
0.107023 30.6349
0.110368 31.5686
0.113712 32.5007
0.117057 33.4312
0.120401 34.3601
0.123746 35.2874
0.12709 36.2132
0.130435 37.1374
0.133779 38.06
0.137124 38.9811
0.140468 39.9005
0.143813 40.8185
0.147157 41.7348
0.150502 42.6496
0.153846 43.5628
0.157191 44.4745
0.160535 45.3846
0.16388 46.2932
0.167224 47.2003
0.170569 48.1058
0.173913 49.0098
0.177258 49.9122
0.180602 50.8132
0.183946 51.7126
0.187291 52.6106
0.190635 53.507
0.19398 54.402
0.197324 55.2954
0.200669 56.1874
0.204013 57.078
0.207358 57.967
0.210702 58.8547
0.214047 59.7408
0.217391 60.6256
0.220736 61.5089
0.22408 62.3908
0.227425 63.2712
0.230769 64.1503
0.234114 65.028
0.237458 65.9042
0.240803 66.7792
0.244147 67.6527
0.247492 68.5249
0.250836 69.3957
0.254181 70.2652
0.257525 71.1333
0.26087 72.0001
0.264214 72.8657
0.267559 73.7299
0.270903 74.5928
0.274247 75.4544
0.277592 76.3147
0.280936 77.1738
0.284281 78.0316
0.287625 78.8882
0.29097 79.7435
0.294314 80.5976
0.297659 81.4504
0.301003 82.3021
0.304348 83.1525
0.307692 84.0018
0.311037 84.8499
0.314381 85.6967
0.317726 86.5425
0.32107 87.387
0.324415 88.2305
0.327759 89.0727
0.331104 89.9139
0.334448 90.7539
0.337793 91.5928
0.341137 92.4307
0.344482 93.2674
0.347826 94.103
0.351171 94.9375
0.354515 95.771
0.35786 96.6034
0.361204 97.4348
0.364548 98.2651
0.367893 99.0944
0.371237 99.9227
0.374582 100.75
0.377926 101.576
0.381271 102.401
0.384615 103.226
0.38796 104.049
0.391304 104.871
0.394649 105.692
0.397993 106.513
0.401338 107.332
0.404682 108.15
0.408027 108.968
0.411371 109.784
0.414716 110.6
0.41806 111.414
0.421405 112.228
0.424749 113.041
0.428094 113.853
0.431438 114.664
0.434783 115.474
0.438127 116.283
0.441472 117.091
0.444816 117.898
0.448161 118.705
0.451505 119.51
0.454849 120.315
0.458194 121.119
0.461538 121.922
0.464883 122.724
0.468227 123.525
0.471572 124.326
0.474916 125.125
0.478261 125.924
0.481605 126.722
0.48495 127.519
0.488294 128.315
0.491639 129.11
0.494983 129.905
0.498328 130.698
0.501672 131.491
0.505017 132.283
0.508361 133.074
0.511706 133.865
0.51505 134.654
0.518395 135.443
0.521739 136.231
0.525084 137.018
0.528428 137.804
0.531773 138.589
0.535117 139.374
0.538462 140.158
0.541806 140.941
0.545151 141.723
0.548495 142.504
0.551839 143.284
0.555184 144.064
0.558528 144.843
0.561873 145.621
0.565217 146.398
0.568562 147.174
0.571906 147.95
0.575251 148.724
0.578595 149.498
0.58194 150.271
0.585284 151.043
0.588629 151.814
0.591973 152.585
0.595318 153.354
0.598662 154.123
0.602007 154.891
0.605351 155.658
0.608696 156.424
0.61204 157.189
0.615385 157.954
0.618729 158.717
0.622074 159.48
0.625418 160.242
0.628763 161.002
0.632107 161.762
0.635452 162.522
0.638796 163.28
0.64214 164.037
0.645485 164.793
0.648829 165.549
0.652174 166.303
0.655518 167.057
0.658863 167.81
0.662207 168.561
0.665552 169.312
0.668896 170.062
0.672241 170.811
0.675585 171.559
0.67893 172.306
0.682274 173.052
0.685619 173.797
0.688963 174.541
0.692308 175.284
0.695652 176.026
0.698997 176.767
0.702341 177.507
0.705686 178.246
0.70903 178.984
0.712375 179.721
0.715719 180.457
0.719064 181.192
0.722408 181.926
0.725753 182.658
0.729097 183.39
0.732441 184.121
0.735786 184.85
0.73913 185.579
0.742475 186.307
0.745819 187.033
0.749164 187.758
0.752508 188.482
0.755853 189.205
0.759197 189.927
0.762542 190.648
0.765886 191.368
0.769231 192.087
0.772575 192.804
0.77592 193.52
0.779264 194.236
0.782609 194.95
0.785953 195.662
0.789298 196.374
0.792642 197.085
0.795987 197.794
0.799331 198.502
0.802676 199.209
0.80602 199.915
0.809365 200.62
0.812709 201.323
0.816054 202.025
0.819398 202.726
0.822742 203.426
0.826087 204.125
0.829431 204.822
0.832776 205.518
0.83612 206.213
0.839465 206.907
0.842809 207.6
0.846154 208.291
0.849498 208.981
0.852843 209.67
0.856187 210.357
0.859532 211.044
0.862876 211.729
0.866221 212.413
0.869565 213.095
0.87291 213.777
0.876254 214.457
0.879599 215.136
0.882943 215.814
0.886288 216.49
0.889632 217.165
0.892977 217.839
0.896321 218.512
0.899666 219.184
0.90301 219.854
0.906355 220.523
0.909699 221.191
0.913043 221.858
0.916388 222.523
0.919732 223.188
0.923077 223.851
0.926421 224.513
0.929766 225.174
0.93311 225.833
0.936455 226.492
0.939799 227.149
0.943144 227.805
0.946488 228.46
0.949833 229.114
0.953177 229.767
0.956522 230.419
0.959866 231.069
0.963211 231.719
0.966555 232.367
0.9699 233.015
0.973244 233.661
0.976589 234.307
0.979933 234.951
0.983278 235.594
0.986622 236.237
0.989967 236.878
0.993311 237.519
0.996656 238.158
1 238.797
