0 49.6964
0.00334448 50.2122
0.00668896 50.707
0.0100334 51.181
0.0133779 51.6345
0.0167224 52.0679
0.0200669 52.4821
0.0234114 52.8778
0.0267559 53.2558
0.0301003 53.6167
0.0334448 53.9615
0.0367893 54.2913
0.0401338 54.6076
0.0434783 54.9116
0.0468227 55.2048
0.0501672 55.4885
0.0535117 55.7638
0.0568562 56.0314
0.0602007 56.2918
0.0635452 56.5453
0.0668896 56.7925
0.0702341 57.0339
0.0735786 57.2699
0.0769231 57.5011
0.0802676 57.728
0.083612 57.9513
0.0869565 58.1714
0.090301 58.389
0.0936455 58.6045
0.09699 58.818
0.100334 59.0294
0.103679 59.2388
0.107023 59.4461
0.110368 59.6513
0.113712 59.8544
0.117057 60.0554
0.120401 60.2541
0.123746 60.4507
0.12709 60.6449
0.130435 60.8369
0.133779 61.0265
0.137124 61.2141
0.140468 61.3999
0.143813 61.5842
0.147157 61.7673
0.150502 61.9496
0.153846 62.1311
0.157191 62.3118
0.160535 62.4916
0.16388 62.6703
0.167224 62.8479
0.170569 63.0242
0.173913 63.1992
0.177258 63.3729
0.180602 63.5455
0.183946 63.7172
0.187291 63.888
0.190635 64.0581
0.19398 64.2275
0.197324 64.3964
0.200669 64.5647
0.204013 64.7325
0.207358 64.8997
0.210702 65.0664
0.214047 65.2326
0.217391 65.3985
0.220736 65.5642
0.22408 65.7297
0.227425 65.8952
0.230769 66.0609
0.234114 66.2267
0.237458 66.3923
0.240803 66.5575
0.244147 66.7219
0.247492 66.8853
0.250836 67.0473
0.254181 67.2078
0.257525 67.3671
0.26087 67.5257
0.264214 67.6837
0.267559 67.8416
0.270903 67.9997
0.274247 68.1583
0.277592 68.3174
0.280936 68.477
0.284281 68.6372
0.287625 68.798
0.29097 68.9594
0.294314 69.1213
0.297659 69.2834
0.301003 69.445
0.304348 69.6059
0.307692 69.7655
0.311037 69.9234
0.314381 70.0796
0.317726 70.2348
0.32107 70.3898
0.324415 70.5453
0.327759 70.7022
0.331104 70.8612
0.334448 71.0225
0.337793 71.1854
0.341137 71.3493
0.344482 71.5135
0.347826 71.6772
0.351171 71.8397
0.354515 72.0007
0.35786 72.1605
0.361204 72.3194
0.364548 72.4778
0.367893 72.6359
0.371237 72.794
0.374582 72.9526
0.377926 73.1116
0.381271 73.2712
0.384615 73.4315
0.38796 73.5927
0.391304 73.755
0.394649 73.9182
0.397993 74.0823
0.401338 74.247
0.404682 74.4122
0.408027 74.5777
0.411371 74.7433
0.414716 74.909
0.41806 75.0751
0.421405 75.2417
0.424749 75.4092
0.428094 75.5777
0.431438 75.7476
0.434783 75.9187
0.438127 76.0906
0.441472 76.2629
0.444816 76.4351
0.448161 76.6068
0.451505 76.7775
0.454849 76.9473
0.458194 77.1168
0.461538 77.2867
0.464883 77.4575
0.468227 77.63
0.471572 77.8047
0.474916 77.9817
0.478261 78.1607
0.481605 78.3412
0.48495 78.5228
0.488294 78.705
0.491639 78.8873
0.494983 79.0698
0.498328 79.2528
0.501672 79.4364
0.505017 79.6211
0.508361 79.8072
0.511706 79.995
0.51505 80.1843
0.518395 80.3748
0.521739 80.566
0.525084 80.7574
0.528428 80.9487
0.531773 81.1393
0.535117 81.3294
0.538462 81.5196
0.541806 81.7105
0.545151 81.9026
0.548495 82.0966
0.551839 82.293
0.555184 82.492
0.558528 82.6935
0.561873 82.8973
0.565217 83.1032
0.568562 83.3111
0.571906 83.5208
0.575251 83.7321
0.578595 83.9449
0.58194 84.1589
0.585284 84.3739
0.588629 84.5899
0.591973 84.8065
0.595318 85.0239
0.598662 85.2421
0.602007 85.4613
0.605351 85.6818
0.608696 85.9036
0.61204 86.127
0.615385 86.3521
0.618729 86.579
0.622074 86.808
0.625418 87.0391
0.628763 87.2726
0.632107 87.5086
0.635452 87.747
0.638796 87.9878
0.64214 88.2307
0.645485 88.4757
0.648829 88.7225
0.652174 88.971
0.655518 89.2212
0.658863 89.4731
0.662207 89.7268
0.665552 89.9823
0.668896 90.2397
0.672241 90.4989
0.675585 90.7603
0.67893 91.0241
0.682274 91.2907
0.685619 91.5603
0.688963 91.8335
0.692308 92.1103
0.695652 92.3907
0.698997 92.6742
0.702341 92.9604
0.705686 93.2489
0.70903 93.5391
0.712375 93.8307
0.715719 94.124
0.719064 94.4196
0.722408 94.718
0.725753 95.0199
0.729097 95.3259
0.732441 95.6365
0.735786 95.9518
0.73913 96.2712
0.742475 96.5945
0.745819 96.9212
0.749164 97.2511
0.752508 97.5836
0.755853 97.919
0.759197 98.2575
0.762542 98.5994
0.765886 98.945
0.769231 99.2945
0.772575 99.6482
0.77592 100.006
0.779264 100.369
0.782609 100.736
0.785953 101.108
0.789298 101.485
0.792642 101.866
0.795987 102.253
0.799331 102.645
0.802676 103.042
0.80602 103.444
0.809365 103.852
0.812709 104.265
0.816054 104.684
0.819398 105.108
0.822742 105.538
0.826087 105.973
0.829431 106.413
0.832776 106.858
0.83612 107.309
0.839465 107.766
0.842809 108.23
0.846154 108.702
0.849498 109.181
0.852843 109.669
0.856187 110.165
0.859532 110.67
0.862876 111.184
0.866221 111.705
0.869565 112.235
0.87291 112.773
0.876254 113.319
0.879599 113.875
0.882943 114.439
0.886288 115.014
0.889632 115.599
0.892977 116.195
0.896321 116.802
0.899666 117.42
0.90301 118.05
0.906355 118.691
0.909699 119.344
0.913043 120.009
0.916388 120.687
0.919732 121.378
0.923077 122.084
0.926421 122.805
0.929766 123.543
0.93311 124.297
0.936455 125.069
0.939799 125.859
0.943144 126.666
0.946488 127.492
0.949833 128.336
0.953177 129.199
0.956522 130.081
0.959866 130.984
0.963211 131.908
0.966555 132.855
0.9699 133.824
0.973244 134.818
0.976589 135.837
0.979933 136.881
0.983278 137.951
0.986622 139.048
0.989967 140.171
0.993311 141.322
0.996656 142.5
1 143.706
