0 192.024
0.00334448 193.076
0.00668896 194.076
0.0100334 195.025
0.0133779 195.924
0.0167224 196.773
0.0200669 197.574
0.0234114 198.329
0.0267559 199.039
0.0301003 199.707
0.0334448 200.334
0.0367893 200.926
0.0401338 201.486
0.0434783 202.02
0.0468227 202.533
0.0501672 203.029
0.0535117 203.513
0.0568562 203.987
0.0602007 204.451
0.0635452 204.907
0.0668896 205.354
0.0702341 205.795
0.0735786 206.23
0.0769231 206.659
0.0802676 207.082
0.083612 207.499
0.0869565 207.911
0.090301 208.317
0.0936455 208.718
0.09699 209.114
0.100334 209.506
0.103679 209.894
0.107023 210.279
0.110368 210.661
0.113712 211.041
0.117057 211.419
0.120401 211.794
0.123746 212.166
0.12709 212.535
0.130435 212.9
0.133779 213.263
0.137124 213.623
0.140468 213.981
0.143813 214.339
0.147157 214.697
0.150502 215.057
0.153846 215.418
0.157191 215.78
0.160535 216.14
0.16388 216.498
0.167224 216.85
0.170569 217.197
0.173913 217.537
0.177258 217.871
0.180602 218.202
0.183946 218.53
0.187291 218.857
0.190635 219.185
0.19398 219.514
0.197324 219.846
0.200669 220.178
0.204013 220.511
0.207358 220.844
0.210702 221.177
0.214047 221.509
0.217391 221.84
0.220736 222.17
0.22408 222.498
0.227425 222.824
0.230769 223.149
0.234114 223.471
0.237458 223.792
0.240803 224.111
0.244147 224.428
0.247492 224.744
0.250836 225.059
0.254181 225.372
0.257525 225.685
0.26087 225.998
0.264214 226.309
0.267559 226.62
0.270903 226.931
0.274247 227.242
0.277592 227.552
0.280936 227.861
0.284281 228.17
0.287625 228.477
0.29097 228.783
0.294314 229.088
0.297659 229.392
0.301003 229.695
0.304348 229.997
0.307692 230.298
0.311037 230.599
0.314381 230.9
0.317726 231.201
0.32107 231.501
0.324415 231.8
0.327759 232.099
0.331104 232.397
0.334448 232.694
0.337793 232.99
0.341137 233.284
0.344482 233.577
0.347826 233.868
0.351171 234.157
0.354515 234.444
0.35786 234.729
0.361204 235.012
0.364548 235.293
0.367893 235.572
0.371237 235.85
0.374582 236.127
0.377926 236.401
0.381271 236.675
0.384615 236.947
0.38796 237.217
0.391304 237.487
0.394649 237.755
0.397993 238.023
0.401338 238.292
0.404682 238.561
0.408027 238.833
0.411371 239.106
0.414716 239.381
0.41806 239.657
0.421405 239.93
0.424749 240.201
0.428094 240.466
0.431438 240.724
0.434783 240.975
0.438127 241.221
0.441472 241.464
0.444816 241.706
0.448161 241.948
0.451505 242.193
0.454849 242.441
0.458194 242.69
0.461538 242.937
0.464883 243.18
0.468227 243.416
0.471572 243.644
0.474916 243.864
0.478261 244.077
0.481605 244.287
0.48495 244.495
0.488294 244.705
0.491639 244.919
0.494983 245.137
0.498328 245.356
0.501672 245.574
0.505017 245.788
0.508361 245.995
0.511706 246.195
0.51505 246.385
0.518395 246.571
0.521739 246.754
0.525084 246.939
0.528428 247.127
0.531773 247.323
0.535117 247.525
0.538462 247.729
0.541806 247.931
0.545151 248.127
0.548495 248.313
0.551839 248.484
0.555184 248.642
0.558528 248.789
0.561873 248.93
0.565217 249.069
0.568562 249.211
0.571906 249.359
0.575251 249.514
0.578595 249.671
0.58194 249.829
0.585284 249.984
0.588629 250.133
0.591973 250.273
0.595318 250.403
0.598662 250.525
0.602007 250.64
0.605351 250.75
0.608696 250.856
0.61204 250.961
0.615385 251.064
0.618729 251.164
0.622074 251.261
0.625418 251.354
0.628763 251.443
0.632107 251.528
0.635452 251.607
0.638796 251.683
0.64214 251.757
0.645485 251.828
0.648829 251.899
0.652174 251.97
0.655518 252.041
0.658863 252.113
0.662207 252.185
0.665552 252.259
0.668896 252.334
0.672241 252.41
0.675585 252.489
0.67893 252.572
0.682274 252.662
0.685619 252.76
0.688963 252.868
0.692308 252.988
0.695652 253.119
0.698997 253.259
0.702341 253.405
0.705686 253.557
0.70903 253.711
0.712375 253.865
0.715719 254.02
0.719064 254.178
0.722408 254.34
0.725753 254.507
0.729097 254.682
0.732441 254.865
0.735786 255.058
0.73913 255.26
0.742475 255.471
0.745819 255.691
0.749164 255.92
0.752508 256.158
0.755853 256.404
0.759197 256.657
0.762542 256.914
0.765886 257.174
0.769231 257.435
0.772575 257.697
0.77592 257.96
0.779264 258.227
0.782609 258.501
0.785953 258.784
0.789298 259.079
0.792642 259.387
0.795987 259.709
0.799331 260.043
0.802676 260.385
0.80602 260.734
0.809365 261.088
0.812709 261.445
0.816054 261.804
0.819398 262.167
0.822742 262.533
0.826087 262.904
0.829431 263.278
0.832776 263.658
0.83612 264.041
0.839465 264.427
0.842809 264.814
0.846154 265.2
0.849498 265.584
0.852843 265.965
0.856187 266.344
0.859532 266.724
0.862876 267.105
0.866221 267.49
0.869565 267.881
0.87291 268.28
0.876254 268.688
0.879599 269.107
0.882943 269.538
0.886288 269.983
0.889632 270.442
0.892977 270.918
0.896321 271.407
0.899666 271.907
0.90301 272.416
0.906355 272.931
0.909699 273.448
0.913043 273.966
0.916388 274.485
0.919732 275.005
0.923077 275.528
0.926421 276.054
0.929766 276.585
0.93311 277.121
0.936455 277.663
0.939799 278.21
0.943144 278.762
0.946488 279.319
0.949833 279.882
0.953177 280.449
0.956522 281.021
0.959866 281.597
0.963211 282.176
0.966555 282.758
0.9699 283.342
0.973244 283.927
0.976589 284.514
0.979933 285.103
0.983278 285.693
0.986622 286.285
0.989967 286.878
0.993311 287.472
0.996656 288.069
1 288.667
