0 0
0.005 3.29587
0.01 6.59134
0.015 9.88638
0.02 13.181
0.025 16.4752
0.03 19.7689
0.035 23.0622
0.04 26.3551
0.045 29.6475
0.05 32.9395
0.055 36.2312
0.06 39.5224
0.065 42.8132
0.07 46.1035
0.075 49.3936
0.08 52.6832
0.085 55.9724
0.09 59.2613
0.095 62.5498
0.1 65.8379
0.105 69.1256
0.11 72.4131
0.115 75.7001
0.12 78.9868
0.125 82.2732
0.13 85.5592
0.135 88.8449
0.14 92.1302
0.145 95.4153
0.15 98.7
0.155 101.984
0.16 105.268
0.165 108.552
0.17 111.836
0.175 115.119
0.18 118.402
0.185 121.684
0.19 124.967
0.195 128.249
0.2 131.531
0.205 134.812
0.21 138.093
0.215 141.374
0.22 144.655
0.225 147.935
0.23 151.216
0.235 154.496
0.24 157.775
0.245 161.055
0.25 164.334
0.255 167.613
0.26 170.892
0.265 174.171
0.27 177.449
0.275 180.727
0.28 184.005
0.285 187.283
0.29 190.561
0.295 193.838
0.3 197.115
0.305 200.392
0.31 203.669
0.315 206.946
0.32 210.222
0.325 213.499
0.33 216.775
0.335 220.051
0.34 223.327
0.345 226.603
0.35 229.878
0.355 233.154
0.36 236.429
0.365 239.704
0.37 242.98
0.375 246.255
0.38 249.529
0.385 252.804
0.39 256.079
0.395 259.354
0.4 262.628
0.405 265.902
0.41 269.177
0.415 272.451
0.42 275.725
0.425 278.999
0.43 282.273
0.435 285.547
0.44 288.821
0.445 292.095
0.45 295.369
0.455 298.642
0.46 301.916
0.465 305.19
0.47 308.464
0.475 311.737
0.48 315.011
0.485 318.285
0.49 321.558
0.495 324.832
0.5 328.105
0.505 331.379
0.51 334.653
0.515 337.926
0.52 341.2
0.525 344.474
0.53 347.748
0.535 351.021
0.54 354.295
0.545 357.569
0.55 360.843
0.555 364.117
0.56 367.391
0.565 370.666
0.57 373.94
0.575 377.214
0.58 380.489
0.585 383.763
0.59 387.038
0.595 390.312
0.6 393.587
0.605 396.862
0.61 400.137
0.615 403.413
0.62 406.688
0.625 409.964
0.63 413.239
0.635 416.515
0.64 419.791
0.645 423.067
0.65 426.343
0.655 429.62
0.66 432.897
0.665 436.173
0.67 439.45
0.675 442.728
0.68 446.005
0.685 449.283
0.69 452.561
0.695 455.839
0.7 459.117
0.705 462.396
0.71 465.675
0.715 468.954
0.72 472.233
0.725 475.513
0.73 478.793
0.735 482.073
0.74 485.354
0.745 488.635
0.75 491.916
0.755 495.197
0.76 498.479
0.765 501.761
0.77 505.043
0.775 508.326
0.78 511.609
0.785 514.893
0.79 518.176
0.795 521.461
0.8 524.745
0.805 528.03
0.81 531.316
0.815 534.601
0.82 537.887
0.825 541.174
0.83 544.461
0.835 547.748
0.84 551.036
0.845 554.325
0.85 557.613
0.855 560.903
0.86 564.192
0.865 567.483
0.87 570.773
0.875 574.064
0.88 577.356
0.885 580.648
0.89 583.941
0.895 587.234
0.9 590.528
0.905 593.823
0.91 597.118
0.915 600.413
0.92 603.709
0.925 607.006
0.93 610.304
0.935 613.602
0.94 616.9
0.945 620.199
0.95 623.499
0.955 626.8
0.96 630.101
0.965 633.403
0.97 636.706
0.975 640.009
0.98 643.313
0.985 646.618
0.99 649.923
0.995 653.23
1 656.537

0 0.000200769
0.00334448 2.20486
0.00668896 4.40932
0.0100334 6.61357
0.0133779 8.81763
0.0167224 11.0215
0.0200669 13.2252
0.0234114 15.4286
0.0267559 17.6319
0.0301003 19.835
0.0334448 22.0379
0.0367893 24.2406
0.0401338 26.4431
0.0434783 28.6454
0.0468227 30.8475
0.0501672 33.0495
0.0535117 35.2513
0.0568562 37.4529
0.0602007 39.6543
0.0635452 41.8555
0.0668896 44.0566
0.0702341 46.2574
0.0735786 48.4582
0.0769231 50.6587
0.0802676 52.8591
0.083612 55.0593
0.0869565 57.2593
0.090301 59.4591
0.0936455 61.6588
0.09699 63.8584
0.100334 66.0577
0.103679 68.2569
0.107023 70.456
0.110368 72.6549
0.113712 74.8536
0.117057 77.0522
0.120401 79.2506
0.123746 81.4488
0.12709 83.6469
0.130435 85.8449
0.133779 88.0427
0.137124 90.2404
0.140468 92.4379
0.143813 94.6353
0.147157 96.8325
0.150502 99.0296
0.153846 101.227
0.157191 103.423
0.160535 105.62
0.16388 107.817
0.167224 110.013
0.170569 112.209
0.173913 114.405
0.177258 116.601
0.180602 118.797
0.183946 120.993
0.187291 123.189
0.190635 125.384
0.19398 127.579
0.197324 129.775
0.200669 131.97
0.204013 134.165
0.207358 136.36
0.210702 138.554
0.214047 140.749
0.217391 142.943
0.220736 145.138
0.22408 147.332
0.227425 149.526
0.230769 151.72
0.234114 153.914
0.237458 156.108
0.240803 158.302
0.244147 160.496
0.247492 162.689
0.250836 164.883
0.254181 167.076
0.257525 169.269
0.26087 171.462
0.264214 173.655
0.267559 175.848
0.270903 178.041
0.274247 180.234
0.277592 182.427
0.280936 184.619
0.284281 186.812
0.287625 189.004
0.29097 191.196
0.294314 193.389
0.297659 195.581
0.301003 197.773
0.304348 199.965
0.307692 202.157
0.311037 204.349
0.314381 206.54
0.317726 208.732
0.32107 210.924
0.324415 213.115
0.327759 215.307
0.331104 217.498
0.334448 219.689
0.337793 221.881
0.341137 224.072
0.344482 226.263
0.347826 228.454
0.351171 230.645
0.354515 232.836
0.35786 235.027
0.361204 237.218
0.364548 239.409
0.367893 241.599
0.371237 243.79
0.374582 245.981
0.377926 248.171
0.381271 250.362
0.384615 252.552
0.38796 254.743
0.391304 256.933
0.394649 259.123
0.397993 261.314
0.401338 263.504
0.404682 265.694
0.408027 267.884
0.411371 270.075
0.414716 272.265
0.41806 274.455
0.421405 276.645
0.424749 278.835
0.428094 281.025
0.431438 283.215
0.434783 285.405
0.438127 287.595
0.441472 289.785
0.444816 291.974
0.448161 294.164
0.451505 296.354
0.454849 298.544
0.458194 300.734
0.461538 302.923
0.464883 305.113
0.468227 307.303
0.471572 309.493
0.474916 311.682
0.478261 313.872
0.481605 316.062
0.48495 318.252
0.488294 320.441
0.491639 322.631
0.494983 324.821
0.498328 327.011
0.501672 329.2
0.505017 331.39
0.508361 333.58
0.511706 335.77
0.51505 337.959
0.518395 340.149
0.521739 342.339
0.525084 344.529
0.528428 346.718
0.531773 348.908
0.535117 351.098
0.538462 353.288
0.541806 355.478
0.545151 357.668
0.548495 359.858
0.551839 362.048
0.555184 364.238
0.558528 366.428
0.561873 368.618
0.565217 370.808
0.568562 372.998
0.571906 375.188
0.575251 377.378
0.578595 379.569
0.58194 381.759
0.585284 383.949
0.588629 386.14
0.591973 388.33
0.595318 390.521
0.598662 392.711
0.602007 394.902
0.605351 397.092
0.608696 399.283
0.61204 401.474
0.615385 403.665
0.618729 405.856
0.622074 408.047
0.625418 410.238
0.628763 412.429
0.632107 414.62
0.635452 416.811
0.638796 419.002
0.64214 421.194
0.645485 423.385
0.648829 425.576
0.652174 427.768
0.655518 429.96
0.658863 432.151
0.662207 434.343
0.665552 436.535
0.668896 438.727
0.672241 440.919
0.675585 443.111
0.67893 445.304
0.682274 447.496
0.685619 449.689
0.688963 451.881
0.692308 454.074
0.695652 456.267
0.698997 458.46
0.702341 460.653
0.705686 462.846
0.70903 465.039
0.712375 467.232
0.715719 469.426
0.719064 471.619
0.722408 473.813
0.725753 476.007
0.729097 478.201
0.732441 480.395
0.735786 482.589
0.73913 484.783
0.742475 486.978
0.745819 489.172
0.749164 491.367
0.752508 493.562
0.755853 495.757
0.759197 497.952
0.762542 500.147
0.765886 502.343
0.769231 504.538
0.772575 506.734
0.77592 508.93
0.779264 511.126
0.782609 513.322
0.785953 515.519
0.789298 517.715
0.792642 519.912
0.795987 522.109
0.799331 524.306
0.802676 526.503
0.80602 528.7
0.809365 530.898
0.812709 533.096
0.816054 535.293
0.819398 537.492
0.822742 539.69
0.826087 541.888
0.829431 544.087
0.832776 546.286
0.83612 548.485
0.839465 550.684
0.842809 552.884
0.846154 555.083
0.849498 557.283
0.852843 559.483
0.856187 561.684
0.859532 563.884
0.862876 566.085
0.866221 568.286
0.869565 570.487
0.87291 572.688
0.876254 574.89
0.879599 577.092
0.882943 579.294
0.886288 581.496
0.889632 583.699
0.892977 585.902
0.896321 588.105
0.899666 590.308
0.90301 592.512
0.906355 594.715
0.909699 596.92
0.913043 599.124
0.916388 601.328
0.919732 603.533
0.923077 605.738
0.926421 607.944
0.929766 610.149
0.93311 612.355
0.936455 614.561
0.939799 616.768
0.943144 618.975
0.946488 621.182
0.949833 623.389
0.953177 625.597
0.956522 627.805
0.959866 630.013
0.963211 632.222
0.966555 634.43
0.9699 636.64
0.973244 638.849
0.976589 641.059
0.979933 643.269
0.983278 645.479
0.986622 647.69
0.989967 649.901
0.993311 652.113
0.996656 654.324
1 656.536
