0 0
0.005 2.13788
0.01 4.27545
0.015 6.41274
0.02 8.54977
0.025 10.6866
0.03 12.8231
0.035 14.9594
0.04 17.0955
0.045 19.2313
0.05 21.3669
0.055 23.5023
0.06 25.6375
0.065 27.7724
0.07 29.9071
0.075 32.0416
0.08 34.1759
0.085 36.3099
0.09 38.4438
0.095 40.5774
0.1 42.7107
0.105 44.8439
0.11 46.9768
0.115 49.1095
0.12 51.242
0.125 53.3742
0.13 55.5063
0.135 57.6381
0.14 59.7697
0.145 61.901
0.15 64.0322
0.155 66.1631
0.16 68.2938
0.165 70.4243
0.17 72.5545
0.175 74.6846
0.18 76.8144
0.185 78.944
0.19 81.0733
0.195 83.2025
0.2 85.3314
0.205 87.4601
0.21 89.5885
0.215 91.7168
0.22 93.8448
0.225 95.9726
0.23 98.1002
0.235 100.228
0.24 102.355
0.245 104.482
0.25 106.608
0.255 108.735
0.26 110.861
0.265 112.987
0.27 115.113
0.275 117.238
0.28 119.364
0.285 121.489
0.29 123.614
0.295 125.738
0.3 127.863
0.305 129.987
0.31 132.111
0.315 134.235
0.32 136.358
0.325 138.482
0.33 140.605
0.335 142.728
0.34 144.85
0.345 146.973
0.35 149.095
0.355 151.217
0.36 153.339
0.365 155.46
0.37 157.582
0.375 159.703
0.38 161.824
0.385 163.944
0.39 166.065
0.395 168.185
0.4 170.305
0.405 172.424
0.41 174.544
0.415 176.663
0.42 178.782
0.425 180.901
0.43 183.019
0.435 185.138
0.44 187.256
0.445 189.374
0.45 191.491
0.455 193.609
0.46 195.726
0.465 197.843
0.47 199.96
0.475 202.076
0.48 204.192
0.485 206.308
0.49 208.424
0.495 210.54
0.5 212.655
0.505 214.77
0.51 216.885
0.515 219
0.52 221.114
0.525 223.228
0.53 225.342
0.535 227.456
0.54 229.569
0.545 231.682
0.55 233.795
0.555 235.908
0.56 238.02
0.565 240.132
0.57 242.244
0.575 244.356
0.58 246.468
0.585 248.579
0.59 250.69
0.595 252.801
0.6 254.911
0.605 257.021
0.61 259.131
0.615 261.241
0.62 263.351
0.625 265.46
0.63 267.569
0.635 269.677
0.64 271.786
0.645 273.894
0.65 276.002
0.655 278.11
0.66 280.217
0.665 282.325
0.67 284.432
0.675 286.538
0.68 288.645
0.685 290.751
0.69 292.857
0.695 294.962
0.7 297.068
0.705 299.173
0.71 301.278
0.715 303.382
0.72 305.487
0.725 307.591
0.73 309.694
0.735 311.798
0.74 313.901
0.745 316.004
0.75 318.107
0.755 320.209
0.76 322.311
0.765 324.413
0.77 326.515
0.775 328.616
0.78 330.717
0.785 332.818
0.79 334.918
0.795 337.018
0.8 339.118
0.805 341.217
0.81 343.317
0.815 345.416
0.82 347.514
0.825 349.613
0.83 351.711
0.835 353.808
0.84 355.906
0.845 358.003
0.85 360.1
0.855 362.196
0.86 364.292
0.865 366.388
0.87 368.484
0.875 370.579
0.88 372.674
0.885 374.769
0.89 376.863
0.895 378.957
0.9 381.05
0.905 383.144
0.91 385.237
0.915 387.329
0.92 389.422
0.925 391.514
0.93 393.605
0.935 395.696
0.94 397.787
0.945 399.878
0.95 401.968
0.955 404.058
0.96 406.147
0.965 408.236
0.97 410.325
0.975 412.413
0.98 414.501
0.985 416.589
0.99 418.676
0.995 420.763
1 422.849

0 0.000278406
0.00334448 1.4302
0.00668896 2.86002
0.0100334 4.28973
0.0133779 5.71934
0.0167224 7.14885
0.0200669 8.57826
0.0234114 10.0076
0.0267559 11.4368
0.0301003 12.8659
0.0334448 14.2949
0.0367893 15.7238
0.0401338 17.1525
0.0434783 18.5812
0.0468227 20.0098
0.0501672 21.4383
0.0535117 22.8667
0.0568562 24.295
0.0602007 25.7232
0.0635452 27.1512
0.0668896 28.5792
0.0702341 30.0071
0.0735786 31.4349
0.0769231 32.8626
0.0802676 34.2901
0.083612 35.7176
0.0869565 37.145
0.090301 38.5723
0.0936455 39.9994
0.09699 41.4265
0.100334 42.8535
0.103679 44.2803
0.107023 45.7071
0.110368 47.1338
0.113712 48.5604
0.117057 49.9868
0.120401 51.4132
0.123746 52.8395
0.12709 54.2656
0.130435 55.6917
0.133779 57.1177
0.137124 58.5435
0.140468 59.9693
0.143813 61.395
0.147157 62.8206
0.150502 64.246
0.153846 65.6714
0.157191 67.0967
0.160535 68.5218
0.16388 69.9469
0.167224 71.3719
0.170569 72.7968
0.173913 74.2215
0.177258 75.6462
0.180602 77.0708
0.183946 78.4953
0.187291 79.9196
0.190635 81.3439
0.19398 82.7681
0.197324 84.1922
0.200669 85.6162
0.204013 87.04
0.207358 88.4638
0.210702 89.8875
0.214047 91.3111
0.217391 92.7345
0.220736 94.1579
0.22408 95.5812
0.227425 97.0044
0.230769 98.4275
0.234114 99.8505
0.237458 101.273
0.240803 102.696
0.244147 104.119
0.247492 105.541
0.250836 106.964
0.254181 108.386
0.257525 109.809
0.26087 111.231
0.264214 112.653
0.267559 114.075
0.270903 115.497
0.274247 116.918
0.277592 118.34
0.280936 119.762
0.284281 121.183
0.287625 122.605
0.29097 124.026
0.294314 125.447
0.297659 126.868
0.301003 128.289
0.304348 129.71
0.307692 131.131
0.311037 132.552
0.314381 133.972
0.317726 135.393
0.32107 136.813
0.324415 138.233
0.327759 139.653
0.331104 141.074
0.334448 142.493
0.337793 143.913
0.341137 145.333
0.344482 146.753
0.347826 148.172
0.351171 149.592
0.354515 151.011
0.35786 152.431
0.361204 153.85
0.364548 155.269
0.367893 156.688
0.371237 158.107
0.374582 159.525
0.377926 160.944
0.381271 162.363
0.384615 163.781
0.38796 165.199
0.391304 166.618
0.394649 168.036
0.397993 169.454
0.401338 170.872
0.404682 172.29
0.408027 173.707
0.411371 175.125
0.414716 176.543
0.41806 177.96
0.421405 179.377
0.424749 180.795
0.428094 182.212
0.431438 183.629
0.434783 185.046
0.438127 186.463
0.441472 187.879
0.444816 189.296
0.448161 190.712
0.451505 192.129
0.454849 193.545
0.458194 194.961
0.461538 196.377
0.464883 197.793
0.468227 199.209
0.471572 200.625
0.474916 202.041
0.478261 203.456
0.481605 204.872
0.48495 206.287
0.488294 207.702
0.491639 209.118
0.494983 210.533
0.498328 211.948
0.501672 213.362
0.505017 214.777
0.508361 216.192
0.511706 217.606
0.51505 219.021
0.518395 220.435
0.521739 221.849
0.525084 223.263
0.528428 224.677
0.531773 226.091
0.535117 227.505
0.538462 228.919
0.541806 230.332
0.545151 231.746
0.548495 233.159
0.551839 234.572
0.555184 235.986
0.558528 237.399
0.561873 238.811
0.565217 240.224
0.568562 241.637
0.571906 243.05
0.575251 244.462
0.578595 245.874
0.58194 247.287
0.585284 248.699
0.588629 250.111
0.591973 251.523
0.595318 252.935
0.598662 254.346
0.602007 255.758
0.605351 257.169
0.608696 258.581
0.61204 259.992
0.615385 261.403
0.618729 262.814
0.622074 264.225
0.625418 265.636
0.628763 267.047
0.632107 268.457
0.635452 269.868
0.638796 271.278
0.64214 272.689
0.645485 274.099
0.648829 275.509
0.652174 276.919
0.655518 278.328
0.658863 279.738
0.662207 281.148
0.665552 282.557
0.668896 283.966
0.672241 285.376
0.675585 286.785
0.67893 288.194
0.682274 289.603
0.685619 291.011
0.688963 292.42
0.692308 293.829
0.695652 295.237
0.698997 296.645
0.702341 298.053
0.705686 299.461
0.70903 300.869
0.712375 302.277
0.715719 303.685
0.719064 305.092
0.722408 306.5
0.725753 307.907
0.729097 309.314
0.732441 310.722
0.735786 312.128
0.73913 313.535
0.742475 314.942
0.745819 316.349
0.749164 317.755
0.752508 319.161
0.755853 320.568
0.759197 321.974
0.762542 323.38
0.765886 324.786
0.769231 326.191
0.772575 327.597
0.77592 329.002
0.779264 330.408
0.782609 331.813
0.785953 333.218
0.789298 334.623
0.792642 336.028
0.795987 337.432
0.799331 338.837
0.802676 340.241
0.80602 341.646
0.809365 343.05
0.812709 344.454
0.816054 345.858
0.819398 347.262
0.822742 348.665
0.826087 350.069
0.829431 351.472
0.832776 352.875
0.83612 354.278
0.839465 355.681
0.842809 357.084
0.846154 358.487
0.849498 359.889
0.852843 361.292
0.856187 362.694
0.859532 364.096
0.862876 365.498
0.866221 366.9
0.869565 368.302
0.87291 369.703
0.876254 371.105
0.879599 372.506
0.882943 373.907
0.886288 375.308
0.889632 376.709
0.892977 378.11
0.896321 379.51
0.899666 380.91
0.90301 382.311
0.906355 383.711
0.909699 385.111
0.913043 386.511
0.916388 387.91
0.919732 389.31
0.923077 390.709
0.926421 392.108
0.929766 393.507
0.93311 394.906
0.936455 396.305
0.939799 397.703
0.943144 399.102
0.946488 400.5
0.949833 401.898
0.953177 403.296
0.956522 404.694
0.959866 406.091
0.963211 407.489
0.966555 408.886
0.9699 410.283
0.973244 411.68
0.976589 413.077
0.979933 414.473
0.983278 415.87
0.986622 417.266
0.989967 418.662
0.993311 420.058
0.996656 421.454
1 422.849
