0 0
0.005 2.88866
0.01 5.77771
0.015 8.66716
0.02 11.557
0.025 14.4473
0.03 17.338
0.035 20.2291
0.04 23.1207
0.045 26.0127
0.05 28.9051
0.055 31.7979
0.06 34.6912
0.065 37.5849
0.07 40.479
0.075 43.3736
0.08 46.2685
0.085 49.164
0.09 52.0598
0.095 54.9561
0.1 57.8528
0.105 60.75
0.11 63.6475
0.115 66.5456
0.12 69.444
0.125 72.3429
0.13 75.2422
0.135 78.142
0.14 81.0422
0.145 83.9428
0.15 86.8439
0.155 89.7454
0.16 92.6473
0.165 95.5497
0.17 98.4525
0.175 101.356
0.18 104.259
0.185 107.164
0.19 110.068
0.195 112.973
0.2 115.878
0.205 118.784
0.21 121.691
0.215 124.597
0.22 127.504
0.225 130.412
0.23 133.32
0.235 136.229
0.24 139.138
0.245 142.047
0.25 144.957
0.255 147.867
0.26 150.778
0.265 153.689
0.27 156.6
0.275 159.512
0.28 162.425
0.285 165.337
0.29 168.251
0.295 171.164
0.3 174.079
0.305 176.993
0.31 179.908
0.315 182.824
0.32 185.74
0.325 188.656
0.33 191.573
0.335 194.49
0.34 197.408
0.345 200.326
0.35 203.244
0.355 206.163
0.36 209.083
0.365 212.002
0.37 214.923
0.375 217.844
0.38 220.765
0.385 223.686
0.39 226.608
0.395 229.531
0.4 232.454
0.405 235.377
0.41 238.301
0.415 241.225
0.42 244.15
0.425 247.075
0.43 250.001
0.435 252.927
0.44 255.853
0.445 258.78
0.45 261.707
0.455 264.635
0.46 267.563
0.465 270.492
0.47 273.421
0.475 276.351
0.48 279.281
0.485 282.211
0.49 285.142
0.495 288.073
0.5 291.005
0.505 293.937
0.51 296.87
0.515 299.803
0.52 302.737
0.525 305.67
0.53 308.605
0.535 311.54
0.54 314.475
0.545 317.411
0.55 320.347
0.555 323.284
0.56 326.221
0.565 329.158
0.57 332.096
0.575 335.034
0.58 337.973
0.585 340.913
0.59 343.852
0.595 346.792
0.6 349.733
0.605 352.674
0.61 355.616
0.615 358.558
0.62 361.5
0.625 364.443
0.63 367.386
0.635 370.33
0.64 373.274
0.645 376.219
0.65 379.164
0.655 382.109
0.66 385.055
0.665 388.002
0.67 390.948
0.675 393.896
0.68 396.843
0.685 399.792
0.69 402.74
0.695 405.689
0.7 408.639
0.705 411.589
0.71 414.539
0.715 417.49
0.72 420.441
0.725 423.393
0.73 426.345
0.735 429.298
0.74 432.251
0.745 435.205
0.75 438.159
0.755 441.113
0.76 444.068
0.765 447.023
0.77 449.979
0.775 452.935
0.78 455.892
0.785 458.849
0.79 461.807
0.795 464.765
0.8 467.723
0.805 470.682
0.81 473.641
0.815 476.601
0.82 479.561
0.825 482.522
0.83 485.483
0.835 488.445
0.84 491.407
0.845 494.369
0.85 497.332
0.855 500.296
0.86 503.26
0.865 506.224
0.87 509.189
0.875 512.154
0.88 515.119
0.885 518.086
0.89 521.052
0.895 524.019
0.9 526.986
0.905 529.954
0.91 532.923
0.915 535.891
0.92 538.861
0.925 541.83
0.93 544.801
0.935 547.771
0.94 550.742
0.945 553.714
0.95 556.686
0.955 559.658
0.96 562.631
0.965 565.604
0.97 568.578
0.975 571.552
0.98 574.527
0.985 577.502
0.99 580.478
0.995 583.454
1 586.43

0 0.000248232
0.00334448 1.93234
0.00668896 3.86462
0.0100334 5.79709
0.0133779 7.72975
0.0167224 9.66261
0.0200669 11.5957
0.0234114 13.5289
0.0267559 15.4623
0.0301003 17.3959
0.0334448 19.3298
0.0367893 21.2638
0.0401338 23.198
0.0434783 25.1324
0.0468227 27.067
0.0501672 29.0017
0.0535117 30.9367
0.0568562 32.8719
0.0602007 34.8072
0.0635452 36.7428
0.0668896 38.6785
0.0702341 40.6145
0.0735786 42.5506
0.0769231 44.4869
0.0802676 46.4234
0.083612 48.3601
0.0869565 50.297
0.090301 52.2341
0.0936455 54.1714
0.09699 56.1089
0.100334 58.0466
0.103679 59.9845
0.107023 61.9225
0.110368 63.8608
0.113712 65.7992
0.117057 67.7379
0.120401 69.6767
0.123746 71.6158
0.12709 73.555
0.130435 75.4944
0.133779 77.434
0.137124 79.3738
0.140468 81.3138
0.143813 83.254
0.147157 85.1944
0.150502 87.135
0.153846 89.0758
0.157191 91.0168
0.160535 92.958
0.16388 94.8993
0.167224 96.8409
0.170569 98.7826
0.173913 100.725
0.177258 102.667
0.180602 104.609
0.183946 106.552
0.187291 108.494
0.190635 110.437
0.19398 112.38
0.197324 114.324
0.200669 116.267
0.204013 118.211
0.207358 120.155
0.210702 122.099
0.214047 124.043
0.217391 125.988
0.220736 127.932
0.22408 129.877
0.227425 131.822
0.230769 133.768
0.234114 135.713
0.237458 137.659
0.240803 139.605
0.244147 141.551
0.247492 143.497
0.250836 145.443
0.254181 147.39
0.257525 149.337
0.26087 151.284
0.264214 153.231
0.267559 155.178
0.270903 157.126
0.274247 159.074
0.277592 161.022
0.280936 162.97
0.284281 164.918
0.287625 166.867
0.29097 168.816
0.294314 170.765
0.297659 172.714
0.301003 174.663
0.304348 176.613
0.307692 178.563
0.311037 180.513
0.314381 182.463
0.317726 184.413
0.32107 186.364
0.324415 188.314
0.327759 190.265
0.331104 192.217
0.334448 194.168
0.337793 196.119
0.341137 198.071
0.344482 200.023
0.347826 201.975
0.351171 203.928
0.354515 205.88
0.35786 207.833
0.361204 209.786
0.364548 211.739
0.367893 213.692
0.371237 215.646
0.374582 217.599
0.377926 219.553
0.381271 221.507
0.384615 223.462
0.38796 225.416
0.391304 227.371
0.394649 229.326
0.397993 231.281
0.401338 233.236
0.404682 235.191
0.408027 237.147
0.411371 239.103
0.414716 241.059
0.41806 243.015
0.421405 244.972
0.424749 246.928
0.428094 248.885
0.431438 250.842
0.434783 252.799
0.438127 254.757
0.441472 256.715
0.444816 258.672
0.448161 260.63
0.451505 262.589
0.454849 264.547
0.458194 266.506
0.461538 268.464
0.464883 270.423
0.468227 272.383
0.471572 274.342
0.474916 276.302
0.478261 278.262
0.481605 280.222
0.48495 282.182
0.488294 284.142
0.491639 286.103
0.494983 288.064
0.498328 290.025
0.501672 291.986
0.505017 293.947
0.508361 295.909
0.511706 297.87
0.51505 299.832
0.518395 301.795
0.521739 303.757
0.525084 305.72
0.528428 307.682
0.531773 309.645
0.535117 311.608
0.538462 313.572
0.541806 315.535
0.545151 317.499
0.548495 319.463
0.551839 321.427
0.555184 323.392
0.558528 325.356
0.561873 327.321
0.565217 329.286
0.568562 331.251
0.571906 333.216
0.575251 335.182
0.578595 337.148
0.58194 339.114
0.585284 341.08
0.588629 343.046
0.591973 345.013
0.595318 346.979
0.598662 348.946
0.602007 350.913
0.605351 352.881
0.608696 354.848
0.61204 356.816
0.615385 358.784
0.618729 360.752
0.622074 362.72
0.625418 364.689
0.628763 366.658
0.632107 368.627
0.635452 370.596
0.638796 372.565
0.64214 374.535
0.645485 376.504
0.648829 378.474
0.652174 380.444
0.655518 382.415
0.658863 384.385
0.662207 386.356
0.665552 388.327
0.668896 390.298
0.672241 392.269
0.675585 394.241
0.67893 396.212
0.682274 398.184
0.685619 400.156
0.688963 402.129
0.692308 404.101
0.695652 406.074
0.698997 408.047
0.702341 410.02
0.705686 411.993
0.70903 413.967
0.712375 415.941
0.715719 417.914
0.719064 419.889
0.722408 421.863
0.725753 423.837
0.729097 425.812
0.732441 427.787
0.735786 429.762
0.73913 431.737
0.742475 433.713
0.745819 435.689
0.749164 437.665
0.752508 439.641
0.755853 441.617
0.759197 443.593
0.762542 445.57
0.765886 447.547
0.769231 449.524
0.772575 451.501
0.77592 453.479
0.779264 455.457
0.782609 457.435
0.785953 459.413
0.789298 461.391
0.792642 463.37
0.795987 465.348
0.799331 467.327
0.802676 469.306
0.80602 471.286
0.809365 473.265
0.812709 475.245
0.816054 477.225
0.819398 479.205
0.822742 481.185
0.826087 483.166
0.829431 485.146
0.832776 487.127
0.83612 489.108
0.839465 491.09
0.842809 493.071
0.846154 495.053
0.849498 497.035
0.852843 499.017
0.856187 500.999
0.859532 502.982
0.862876 504.965
0.866221 506.948
0.869565 508.931
0.87291 510.914
0.876254 512.898
0.879599 514.881
0.882943 516.865
0.886288 518.849
0.889632 520.834
0.892977 522.818
0.896321 524.803
0.899666 526.788
0.90301 528.773
0.906355 530.758
0.909699 532.744
0.913043 534.73
0.916388 536.716
0.919732 538.702
0.923077 540.688
0.926421 542.675
0.929766 544.661
0.93311 546.648
0.936455 548.636
0.939799 550.623
0.943144 552.611
0.946488 554.598
0.949833 556.586
0.953177 558.574
0.956522 560.563
0.959866 562.551
0.963211 564.54
0.966555 566.529
0.9699 568.518
0.973244 570.508
0.976589 572.497
0.979933 574.487
0.983278 576.477
0.986622 578.467
0.989967 580.458
0.993311 582.448
0.996656 584.439
1 586.43
