0 362.184
0.00334448 364.083
0.00668896 365.89
0.0100334 367.605
0.0133779 369.228
0.0167224 370.761
0.0200669 372.207
0.0234114 373.569
0.0267559 374.848
0.0301003 376.047
0.0334448 377.17
0.0367893 378.227
0.0401338 379.23
0.0434783 380.189
0.0468227 381.116
0.0501672 382.022
0.0535117 382.916
0.0568562 383.8
0.0602007 384.676
0.0635452 385.544
0.0668896 386.405
0.0702341 387.259
0.0735786 388.107
0.0769231 388.948
0.0802676 389.782
0.083612 390.608
0.0869565 391.425
0.090301 392.232
0.0936455 393.029
0.09699 393.813
0.100334 394.584
0.103679 395.338
0.107023 396.076
0.110368 396.794
0.113712 397.492
0.117057 398.172
0.120401 398.837
0.123746 399.489
0.12709 400.13
0.130435 400.763
0.133779 401.391
0.137124 402.014
0.140468 402.636
0.143813 403.257
0.147157 403.88
0.150502 404.506
0.153846 405.136
0.157191 405.767
0.160535 406.398
0.16388 407.025
0.167224 407.647
0.170569 408.26
0.173913 408.862
0.177258 409.455
0.180602 410.038
0.183946 410.613
0.187291 411.181
0.190635 411.741
0.19398 412.295
0.197324 412.845
0.200669 413.393
0.204013 413.942
0.207358 414.493
0.210702 415.049
0.214047 415.609
0.217391 416.172
0.220736 416.731
0.22408 417.285
0.227425 417.828
0.230769 418.356
0.234114 418.868
0.237458 419.368
0.240803 419.859
0.244147 420.344
0.247492 420.829
0.250836 421.316
0.254181 421.808
0.257525 422.304
0.26087 422.804
0.264214 423.307
0.267559 423.812
0.270903 424.318
0.274247 424.824
0.277592 425.325
0.280936 425.819
0.284281 426.3
0.287625 426.766
0.29097 427.213
0.294314 427.641
0.297659 428.057
0.301003 428.469
0.304348 428.885
0.307692 429.312
0.311037 429.759
0.314381 430.227
0.317726 430.709
0.32107 431.198
0.324415 431.686
0.327759 432.165
0.331104 432.627
0.334448 433.068
0.337793 433.492
0.341137 433.903
0.344482 434.303
0.347826 434.696
0.351171 435.087
0.354515 435.478
0.35786 435.871
0.361204 436.27
0.364548 436.677
0.367893 437.094
0.371237 437.523
0.374582 437.965
0.377926 438.413
0.381271 438.863
0.384615 439.31
0.38796 439.748
0.391304 440.172
0.394649 440.58
0.397993 440.978
0.401338 441.369
0.404682 441.759
0.408027 442.151
0.411371 442.551
0.414716 442.959
0.41806 443.37
0.421405 443.781
0.424749 444.186
0.428094 444.582
0.431438 444.963
0.434783 445.329
0.438127 445.686
0.441472 446.039
0.444816 446.392
0.448161 446.752
0.451505 447.123
0.454849 447.507
0.458194 447.898
0.461538 448.293
0.464883 448.686
0.468227 449.074
0.471572 449.452
0.474916 449.818
0.478261 450.176
0.481605 450.528
0.48495 450.878
0.488294 451.228
0.491639 451.582
0.494983 451.939
0.498328 452.3
0.501672 452.663
0.505017 453.026
0.508361 453.39
0.511706 453.753
0.51505 454.114
0.518395 454.475
0.521739 454.834
0.525084 455.193
0.528428 455.552
0.531773 455.911
0.535117 456.271
0.538462 456.632
0.541806 456.995
0.545151 457.36
0.548495 457.728
0.551839 458.099
0.555184 458.472
0.558528 458.846
0.561873 459.219
0.565217 459.59
0.568562 459.955
0.571906 460.315
0.575251 460.667
0.578595 461.012
0.58194 461.35
0.585284 461.68
0.588629 462.004
0.591973 462.321
0.595318 462.632
0.598662 462.941
0.602007 463.249
0.605351 463.56
0.608696 463.876
0.61204 464.2
0.615385 464.531
0.618729 464.867
0.622074 465.204
0.625418 465.539
0.628763 465.87
0.632107 466.194
0.635452 466.511
0.638796 466.823
0.64214 467.132
0.645485 467.442
0.648829 467.753
0.652174 468.067
0.655518 468.387
0.658863 468.711
0.662207 469.04
0.665552 469.373
0.668896 469.71
0.672241 470.051
0.675585 470.394
0.67893 470.735
0.682274 471.072
0.685619 471.401
0.688963 471.718
0.692308 472.023
0.695652 472.316
0.698997 472.604
0.702341 472.892
0.705686 473.186
0.70903 473.492
0.712375 473.816
0.715719 474.154
0.719064 474.503
0.722408 474.856
0.725753 475.208
0.729097 475.555
0.732441 475.889
0.735786 476.213
0.73913 476.527
0.742475 476.835
0.745819 477.139
0.749164 477.441
0.752508 477.744
0.755853 478.048
0.759197 478.353
0.762542 478.658
0.765886 478.965
0.769231 479.271
0.772575 479.578
0.77592 479.886
0.779264 480.197
0.782609 480.514
0.785953 480.838
0.789298 481.172
0.792642 481.515
0.795987 481.867
0.799331 482.221
0.802676 482.574
0.80602 482.921
0.809365 483.257
0.812709 483.578
0.816054 483.885
0.819398 484.182
0.822742 484.472
0.826087 484.759
0.829431 485.045
0.832776 485.335
0.83612 485.629
0.839465 485.929
0.842809 486.237
0.846154 486.554
0.849498 486.882
0.852843 487.221
0.856187 487.567
0.859532 487.915
0.862876 488.26
0.866221 488.595
0.869565 488.916
0.87291 489.217
0.876254 489.503
0.879599 489.78
0.882943 490.055
0.886288 490.334
0.889632 490.624
0.892977 490.93
0.896321 491.25
0.899666 491.578
0.90301 491.909
0.906355 492.237
0.909699 492.559
0.913043 492.868
0.916388 493.168
0.919732 493.461
0.923077 493.75
0.926421 494.04
0.929766 494.332
0.93311 494.63
0.936455 494.933
0.939799 495.238
0.943144 495.544
0.946488 495.848
0.949833 496.149
0.953177 496.445
0.956522 496.736
0.959866 497.027
0.963211 497.319
0.966555 497.615
0.9699 497.917
0.973244 498.228
0.976589 498.546
0.979933 498.872
0.983278 499.204
0.986622 499.543
0.989967 499.887
0.993311 500.236
0.996656 500.589
1 500.947
