0 248.686
0.00334448 249.715
0.00668896 250.756
0.0100334 251.808
0.0133779 252.869
0.0167224 253.932
0.0200669 254.993
0.0234114 256.045
0.0267559 257.084
0.0301003 258.105
0.0334448 259.102
0.0367893 260.078
0.0401338 261.037
0.0434783 261.983
0.0468227 262.919
0.0501672 263.848
0.0535117 264.773
0.0568562 265.685
0.0602007 266.577
0.0635452 267.441
0.0668896 268.266
0.0702341 269.046
0.0735786 269.774
0.0769231 270.453
0.0802676 271.087
0.083612 271.68
0.0869565 272.237
0.090301 272.761
0.0936455 273.259
0.09699 273.735
0.100334 274.195
0.103679 274.645
0.107023 275.091
0.110368 275.539
0.113712 275.991
0.117057 276.444
0.120401 276.891
0.123746 277.327
0.12709 277.746
0.130435 278.142
0.133779 278.512
0.137124 278.861
0.140468 279.197
0.143813 279.525
0.147157 279.853
0.150502 280.186
0.153846 280.53
0.157191 280.883
0.160535 281.242
0.16388 281.605
0.167224 281.969
0.170569 282.332
0.173913 282.693
0.177258 283.049
0.180602 283.403
0.183946 283.752
0.187291 284.096
0.190635 284.436
0.19398 284.772
0.197324 285.104
0.200669 285.433
0.204013 285.76
0.207358 286.087
0.210702 286.413
0.214047 286.74
0.217391 287.065
0.220736 287.386
0.22408 287.7
0.227425 288.005
0.230769 288.298
0.234114 288.579
0.237458 288.85
0.240803 289.115
0.244147 289.377
0.247492 289.639
0.250836 289.905
0.254181 290.176
0.257525 290.451
0.26087 290.727
0.264214 291.003
0.267559 291.277
0.270903 291.547
0.274247 291.812
0.277592 292.075
0.280936 292.34
0.284281 292.609
0.287625 292.885
0.29097 293.171
0.294314 293.469
0.297659 293.772
0.301003 294.077
0.304348 294.379
0.307692 294.671
0.311037 294.951
0.314381 295.214
0.317726 295.465
0.32107 295.707
0.324415 295.942
0.327759 296.174
0.331104 296.405
0.334448 296.639
0.337793 296.875
0.341137 297.113
0.344482 297.355
0.347826 297.599
0.351171 297.847
0.354515 298.098
0.35786 298.351
0.361204 298.604
0.364548 298.854
0.367893 299.102
0.371237 299.345
0.374582 299.582
0.377926 299.816
0.381271 300.047
0.384615 300.277
0.38796 300.508
0.391304 300.741
0.394649 300.977
0.397993 301.214
0.401338 301.45
0.404682 301.684
0.408027 301.915
0.411371 302.141
0.414716 302.362
0.41806 302.579
0.421405 302.796
0.424749 303.013
0.428094 303.232
0.431438 303.455
0.434783 303.682
0.438127 303.914
0.441472 304.148
0.444816 304.385
0.448161 304.622
0.451505 304.859
0.454849 305.096
0.458194 305.33
0.461538 305.562
0.464883 305.79
0.468227 306.013
0.471572 306.23
0.474916 306.442
0.478261 306.649
0.481605 306.852
0.48495 307.053
0.488294 307.252
0.491639 307.451
0.494983 307.649
0.498328 307.847
0.501672 308.044
0.505017 308.24
0.508361 308.434
0.511706 308.627
0.51505 308.82
0.518395 309.014
0.521739 309.214
0.525084 309.42
0.528428 309.637
0.531773 309.866
0.535117 310.106
0.538462 310.35
0.541806 310.592
0.545151 310.827
0.548495 311.048
0.551839 311.25
0.555184 311.434
0.558528 311.606
0.561873 311.773
0.565217 311.943
0.568562 312.122
0.571906 312.317
0.575251 312.526
0.578595 312.742
0.58194 312.958
0.585284 313.165
0.588629 313.356
0.591973 313.523
0.595318 313.67
0.598662 313.805
0.602007 313.94
0.605351 314.085
0.608696 314.249
0.61204 314.443
0.615385 314.664
0.618729 314.902
0.622074 315.146
0.625418 315.386
0.628763 315.61
0.632107 315.809
0.635452 315.984
0.638796 316.146
0.64214 316.303
0.645485 316.467
0.648829 316.647
0.652174 316.852
0.655518 317.081
0.658863 317.325
0.662207 317.574
0.665552 317.82
0.668896 318.054
0.672241 318.267
0.675585 318.46
0.67893 318.638
0.682274 318.807
0.685619 318.972
0.688963 319.14
0.692308 319.314
0.695652 319.496
0.698997 319.682
0.702341 319.868
0.705686 320.053
0.70903 320.232
0.712375 320.402
0.715719 320.567
0.719064 320.73
0.722408 320.895
0.725753 321.068
0.729097 321.252
0.732441 321.451
0.735786 321.661
0.73913 321.877
0.742475 322.089
0.745819 322.291
0.749164 322.476
0.752508 322.637
0.755853 322.778
0.759197 322.908
0.762542 323.036
0.765886 323.171
0.769231 323.322
0.772575 323.496
0.77592 323.691
0.779264 323.899
0.782609 324.11
0.785953 324.317
0.789298 324.511
0.792642 324.685
0.795987 324.841
0.799331 324.988
0.802676 325.13
0.80602 325.276
0.809365 325.432
0.812709 325.604
0.816054 325.789
0.819398 325.983
0.822742 326.178
0.826087 326.369
0.829431 326.55
0.832776 326.717
0.83612 326.872
0.839465 327.021
0.842809 327.17
0.846154 327.326
0.849498 327.495
0.852843 327.68
0.856187 327.879
0.859532 328.083
0.862876 328.285
0.866221 328.478
0.869565 328.654
0.87291 328.808
0.876254 328.944
0.879599 329.071
0.882943 329.199
0.886288 329.337
0.889632 329.492
0.892977 329.674
0.896321 329.876
0.899666 330.091
0.90301 330.309
0.906355 330.522
0.909699 330.721
0.913043 330.9
0.916388 331.06
0.919732 331.206
0.923077 331.341
0.926421 331.47
0.929766 331.598
0.93311 331.729
0.936455 331.863
0.939799 332.002
0.943144 332.145
0.946488 332.292
0.949833 332.446
0.953177 332.604
0.956522 332.768
0.959866 332.935
0.963211 333.106
0.966555 333.278
0.9699 333.451
0.973244 333.625
0.976589 333.799
0.979933 333.976
0.983278 334.155
0.986622 334.339
0.989967 334.527
0.993311 334.722
0.996656 334.923
1 335.131
