0 161.32
0.00334448 160.127
0.00668896 159.126
0.0100334 158.315
0.0133779 157.693
0.0167224 157.251
0.0200669 156.981
0.0234114 156.873
0.0267559 156.919
0.0301003 157.109
0.0334448 157.431
0.0367893 157.867
0.0401338 158.395
0.0434783 158.994
0.0468227 159.643
0.0501672 160.319
0.0535117 161.005
0.0568562 161.692
0.0602007 162.37
0.0635452 163.034
0.0668896 163.675
0.0702341 164.287
0.0735786 164.864
0.0769231 165.408
0.0802676 165.925
0.083612 166.417
0.0869565 166.89
0.090301 167.348
0.0936455 167.793
0.09699 168.227
0.100334 168.646
0.103679 169.052
0.107023 169.442
0.110368 169.817
0.113712 170.175
0.117057 170.518
0.120401 170.847
0.123746 171.163
0.12709 171.467
0.130435 171.762
0.133779 172.048
0.137124 172.324
0.140468 172.593
0.143813 172.853
0.147157 173.106
0.150502 173.352
0.153846 173.591
0.157191 173.822
0.160535 174.048
0.16388 174.268
0.167224 174.481
0.170569 174.69
0.173913 174.894
0.177258 175.092
0.180602 175.287
0.183946 175.477
0.187291 175.662
0.190635 175.844
0.19398 176.023
0.197324 176.197
0.200669 176.369
0.204013 176.538
0.207358 176.705
0.210702 176.869
0.214047 177.031
0.217391 177.192
0.220736 177.35
0.22408 177.507
0.227425 177.661
0.230769 177.814
0.234114 177.966
0.237458 178.116
0.240803 178.265
0.244147 178.412
0.247492 178.559
0.250836 178.704
0.254181 178.848
0.257525 178.992
0.26087 179.134
0.264214 179.276
0.267559 179.417
0.270903 179.557
0.274247 179.697
0.277592 179.836
0.280936 179.975
0.284281 180.114
0.287625 180.252
0.29097 180.389
0.294314 180.527
0.297659 180.664
0.301003 180.802
0.304348 180.939
0.307692 181.077
0.311037 181.214
0.314381 181.353
0.317726 181.491
0.32107 181.63
0.324415 181.768
0.327759 181.907
0.331104 182.045
0.334448 182.183
0.337793 182.321
0.341137 182.46
0.344482 182.599
0.347826 182.738
0.351171 182.878
0.354515 183.019
0.35786 183.161
0.361204 183.303
0.364548 183.446
0.367893 183.589
0.371237 183.732
0.374582 183.875
0.377926 184.018
0.381271 184.162
0.384615 184.306
0.38796 184.451
0.391304 184.597
0.394649 184.743
0.397993 184.891
0.401338 185.039
0.404682 185.188
0.408027 185.338
0.411371 185.488
0.414716 185.639
0.41806 185.791
0.421405 185.943
0.424749 186.095
0.428094 186.248
0.431438 186.401
0.434783 186.554
0.438127 186.708
0.441472 186.862
0.444816 187.017
0.448161 187.174
0.451505 187.331
0.454849 187.489
0.458194 187.648
0.461538 187.808
0.464883 187.968
0.468227 188.129
0.471572 188.291
0.474916 188.452
0.478261 188.615
0.481605 188.778
0.48495 188.942
0.488294 189.107
0.491639 189.273
0.494983 189.44
0.498328 189.607
0.501672 189.776
0.505017 189.944
0.508361 190.113
0.511706 190.281
0.51505 190.449
0.518395 190.619
0.521739 190.791
0.525084 190.966
0.528428 191.146
0.531773 191.331
0.535117 191.521
0.538462 191.716
0.541806 191.914
0.545151 192.115
0.548495 192.317
0.551839 192.519
0.555184 192.722
0.558528 192.923
0.561873 193.124
0.565217 193.324
0.568562 193.522
0.571906 193.718
0.575251 193.913
0.578595 194.106
0.58194 194.297
0.585284 194.488
0.588629 194.678
0.591973 194.867
0.595318 195.056
0.598662 195.243
0.602007 195.43
0.605351 195.616
0.608696 195.8
0.61204 195.983
0.615385 196.163
0.618729 196.343
0.622074 196.521
0.625418 196.698
0.628763 196.874
0.632107 197.05
0.635452 197.225
0.638796 197.402
0.64214 197.581
0.645485 197.765
0.648829 197.954
0.652174 198.15
0.655518 198.352
0.658863 198.56
0.662207 198.771
0.665552 198.984
0.668896 199.199
0.672241 199.414
0.675585 199.629
0.67893 199.844
0.682274 200.059
0.685619 200.275
0.688963 200.492
0.692308 200.711
0.695652 200.931
0.698997 201.154
0.702341 201.377
0.705686 201.603
0.70903 201.83
0.712375 202.058
0.715719 202.288
0.719064 202.52
0.722408 202.755
0.725753 202.992
0.729097 203.231
0.732441 203.473
0.735786 203.719
0.73913 203.967
0.742475 204.218
0.745819 204.472
0.749164 204.729
0.752508 204.988
0.755853 205.25
0.759197 205.514
0.762542 205.781
0.765886 206.051
0.769231 206.324
0.772575 206.599
0.77592 206.877
0.779264 207.158
0.782609 207.442
0.785953 207.728
0.789298 208.018
0.792642 208.311
0.795987 208.607
0.799331 208.906
0.802676 209.207
0.80602 209.511
0.809365 209.816
0.812709 210.124
0.816054 210.434
0.819398 210.748
0.822742 211.068
0.826087 211.394
0.829431 211.728
0.832776 212.071
0.83612 212.423
0.839465 212.781
0.842809 213.146
0.846154 213.516
0.849498 213.889
0.852843 214.266
0.856187 214.645
0.859532 215.026
0.862876 215.41
0.866221 215.796
0.869565 216.184
0.87291 216.575
0.876254 216.968
0.879599 217.364
0.882943 217.763
0.886288 218.165
0.889632 218.571
0.892977 218.98
0.896321 219.393
0.899666 219.81
0.90301 220.231
0.906355 220.656
0.909699 221.084
0.913043 221.517
0.916388 221.952
0.919732 222.392
0.923077 222.834
0.926421 223.279
0.929766 223.726
0.93311 224.176
0.936455 224.627
0.939799 225.08
0.943144 225.532
0.946488 225.984
0.949833 226.434
0.953177 226.884
0.956522 227.336
0.959866 227.797
0.963211 228.271
0.966555 228.765
0.9699 229.283
0.973244 229.831
0.976589 230.408
0.979933 231.017
0.983278 231.656
0.986622 232.326
0.989967 233.028
0.993311 233.762
0.996656 234.527
1 235.324
