0 163.233
0.00334448 164.939
0.00668896 166.566
0.0100334 168.113
0.0133779 169.58
0.0167224 170.969
0.0200669 172.28
0.0234114 173.514
0.0267559 174.674
0.0301003 175.759
0.0334448 176.773
0.0367893 177.723
0.0401338 178.616
0.0434783 179.462
0.0468227 180.268
0.0501672 181.042
0.0535117 181.792
0.0568562 182.517
0.0602007 183.217
0.0635452 183.893
0.0668896 184.543
0.0702341 185.168
0.0735786 185.766
0.0769231 186.338
0.0802676 186.886
0.083612 187.409
0.0869565 187.908
0.090301 188.384
0.0936455 188.837
0.09699 189.268
0.100334 189.677
0.103679 190.064
0.107023 190.431
0.110368 190.778
0.113712 191.105
0.117057 191.412
0.120401 191.7
0.123746 191.97
0.12709 192.222
0.130435 192.455
0.133779 192.671
0.137124 192.87
0.140468 193.052
0.143813 193.218
0.147157 193.367
0.150502 193.501
0.153846 193.619
0.157191 193.722
0.160535 193.811
0.16388 193.887
0.167224 193.95
0.170569 194
0.173913 194.04
0.177258 194.067
0.180602 194.084
0.183946 194.088
0.187291 194.081
0.190635 194.062
0.19398 194.032
0.197324 193.991
0.200669 193.94
0.204013 193.88
0.207358 193.812
0.210702 193.737
0.214047 193.655
0.217391 193.566
0.220736 193.47
0.22408 193.366
0.227425 193.255
0.230769 193.136
0.234114 193.01
0.237458 192.876
0.240803 192.735
0.244147 192.588
0.247492 192.435
0.250836 192.277
0.254181 192.113
0.257525 191.945
0.26087 191.771
0.264214 191.591
0.267559 191.404
0.270903 191.211
0.274247 191.012
0.277592 190.81
0.280936 190.608
0.284281 190.41
0.287625 190.218
0.29097 190.035
0.294314 189.863
0.297659 189.701
0.301003 189.546
0.304348 189.398
0.307692 189.254
0.311037 189.112
0.314381 188.972
0.317726 188.834
0.32107 188.697
0.324415 188.563
0.327759 188.431
0.331104 188.302
0.334448 188.175
0.337793 188.05
0.341137 187.926
0.344482 187.802
0.347826 187.679
0.351171 187.555
0.354515 187.43
0.35786 187.304
0.361204 187.177
0.364548 187.049
0.367893 186.92
0.371237 186.79
0.374582 186.66
0.377926 186.529
0.381271 186.397
0.384615 186.264
0.38796 186.13
0.391304 185.996
0.394649 185.861
0.397993 185.726
0.401338 185.592
0.404682 185.458
0.408027 185.325
0.411371 185.194
0.414716 185.065
0.41806 184.937
0.421405 184.81
0.424749 184.683
0.428094 184.555
0.431438 184.427
0.434783 184.297
0.438127 184.167
0.441472 184.037
0.444816 183.907
0.448161 183.778
0.451505 183.65
0.454849 183.523
0.458194 183.397
0.461538 183.271
0.464883 183.146
0.468227 183.02
0.471572 182.893
0.474916 182.766
0.478261 182.637
0.481605 182.506
0.48495 182.374
0.488294 182.241
0.491639 182.106
0.494983 181.969
0.498328 181.83
0.501672 181.69
0.505017 181.547
0.508361 181.402
0.511706 181.255
0.51505 181.105
0.518395 180.953
0.521739 180.797
0.525084 180.637
0.528428 180.472
0.531773 180.303
0.535117 180.129
0.538462 179.952
0.541806 179.772
0.545151 179.591
0.548495 179.41
0.551839 179.23
0.555184 179.048
0.558528 178.86
0.561873 178.659
0.565217 178.442
0.568562 178.203
0.571906 177.936
0.575251 177.652
0.578595 177.369
0.58194 177.108
0.585284 176.888
0.588629 176.73
0.591973 176.653
0.595318 176.655
0.598662 176.723
0.602007 176.842
0.605351 176.995
0.608696 177.168
0.61204 177.346
0.615385 177.524
0.618729 177.7
0.622074 177.875
0.625418 178.05
0.628763 178.224
0.632107 178.398
0.635452 178.572
0.638796 178.747
0.64214 178.923
0.645485 179.101
0.648829 179.281
0.652174 179.465
0.655518 179.652
0.658863 179.843
0.662207 180.037
0.665552 180.234
0.668896 180.435
0.672241 180.639
0.675585 180.846
0.67893 181.058
0.682274 181.275
0.685619 181.498
0.688963 181.726
0.692308 181.962
0.695652 182.204
0.698997 182.453
0.702341 182.71
0.705686 182.973
0.70903 183.244
0.712375 183.523
0.715719 183.81
0.719064 184.106
0.722408 184.414
0.725753 184.735
0.729097 185.07
0.732441 185.419
0.735786 185.783
0.73913 186.159
0.742475 186.543
0.745819 186.935
0.749164 187.331
0.752508 187.729
0.755853 188.13
0.759197 188.537
0.762542 188.952
0.765886 189.377
0.769231 189.815
0.772575 190.268
0.77592 190.736
0.779264 191.216
0.782609 191.708
0.785953 192.209
0.789298 192.718
0.792642 193.233
0.795987 193.754
0.799331 194.28
0.802676 194.81
0.80602 195.344
0.809365 195.882
0.812709 196.424
0.816054 196.967
0.819398 197.511
0.822742 198.054
0.826087 198.596
0.829431 199.134
0.832776 199.667
0.83612 200.195
0.839465 200.715
0.842809 201.228
0.846154 201.73
0.849498 202.222
0.852843 202.702
0.856187 203.168
0.859532 203.618
0.862876 204.049
0.866221 204.459
0.869565 204.846
0.87291 205.208
0.876254 205.544
0.879599 205.856
0.882943 206.142
0.886288 206.405
0.889632 206.644
0.892977 206.859
0.896321 207.042
0.899666 207.186
0.90301 207.281
0.906355 207.317
0.909699 207.288
0.913043 207.186
0.916388 207.032
0.919732 206.852
0.923077 206.67
0.926421 206.513
0.929766 206.407
0.93311 206.373
0.936455 206.402
0.939799 206.478
0.943144 206.584
0.946488 206.705
0.949833 206.823
0.953177 206.926
0.956522 207.015
0.959866 207.093
0.963211 207.168
0.966555 207.243
0.9699 207.324
0.973244 207.415
0.976589 207.509
0.979933 207.6
0.983278 207.68
0.986622 207.741
0.989967 207.775
0.993311 207.777
0.996656 207.742
1 207.667
