0 0
0.01 4.46232
0.02 8.92266
0.03 13.3813
0.04 17.8384
0.05 22.2939
0.06 26.748
0.07 31.2007
0.08 35.6518
0.09 40.1014
0.1 44.5493
0.11 48.9956
0.12 53.4399
0.13 57.8822
0.14 62.3224
0.15 66.7602
0.16 71.1957
0.17 75.6285
0.18 80.0586
0.19 84.4857
0.2 88.9099
0.21 93.3309
0.22 97.7486
0.23 102.163
0.24 106.574
0.25 110.981
0.26 115.384
0.27 119.784
0.28 124.179
0.29 128.57
0.3 132.958
0.31 137.341
0.32 141.719
0.33 146.094
0.34 150.463
0.35 154.828
0.36 159.189
0.37 163.544
0.38 167.895
0.39 172.241
0.4 176.582
0.41 180.918
0.42 185.248
0.43 189.574
0.44 193.894
0.45 198.209
0.46 202.518
0.47 206.821
0.48 211.12
0.49 215.412
0.5 219.699
0.51 223.979
0.52 228.254
0.53 232.523
0.54 236.786
0.55 241.043
0.56 245.294
0.57 249.538
0.58 253.777
0.59 258.009
0.6 262.235
0.61 266.454
0.62 270.668
0.63 274.875
0.64 279.075
0.65 283.269
0.66 287.457
0.67 291.639
0.68 295.814
0.69 299.983
0.7 304.146
0.71 308.303
0.72 312.454
0.73 316.598
0.74 320.737
0.75 324.87
0.76 328.996
0.77 333.118
0.78 337.233
0.79 341.343
0.8 345.448
0.81 349.547
0.82 353.642
0.83 357.731
0.84 361.815
0.85 365.895
0.86 369.97
0.87 374.041
0.88 378.107
0.89 382.17
0.9 386.228
0.91 390.283
0.92 394.335
0.93 398.383
0.94 402.429
0.95 406.471
0.96 410.511
0.97 414.549
0.98 418.585
0.99 422.619
1 426.652

0 0.00256549
0.00334448 1.49414
0.00668896 2.98566
0.0100334 4.4771
0.0133779 5.96846
0.0167224 7.45975
0.0200669 8.95094
0.0234114 10.442
0.0267559 11.933
0.0301003 13.4239
0.0334448 14.9147
0.0367893 16.4054
0.0401338 17.896
0.0434783 19.3864
0.0468227 20.8767
0.0501672 22.3669
0.0535117 23.8569
0.0568562 25.3468
0.0602007 26.8365
0.0635452 28.3261
0.0668896 29.8155
0.0702341 31.3048
0.0735786 32.7938
0.0769231 34.2827
0.0802676 35.7715
0.083612 37.26
0.0869565 38.7483
0.090301 40.2365
0.0936455 41.7245
0.09699 43.2122
0.100334 44.6997
0.103679 46.1871
0.107023 47.6742
0.110368 49.161
0.113712 50.6477
0.117057 52.1341
0.120401 53.6203
0.123746 55.1062
0.12709 56.5919
0.130435 58.0773
0.133779 59.5625
0.137124 61.0474
0.140468 62.5321
0.143813 64.0165
0.147157 65.5006
0.150502 66.9844
0.153846 68.4679
0.157191 69.9512
0.160535 71.4341
0.16388 72.9168
0.167224 74.3991
0.170569 75.8812
0.173913 77.3629
0.177258 78.8443
0.180602 80.3254
0.183946 81.8062
0.187291 83.2867
0.190635 84.7668
0.19398 86.2466
0.197324 87.726
0.200669 89.2051
0.204013 90.6838
0.207358 92.1622
0.210702 93.6402
0.214047 95.1179
0.217391 96.5952
0.220736 98.0721
0.22408 99.5487
0.227425 101.025
0.230769 102.501
0.234114 103.976
0.237458 105.451
0.240803 106.926
0.244147 108.4
0.247492 109.874
0.250836 111.347
0.254181 112.82
0.257525 114.293
0.26087 115.765
0.264214 117.236
0.267559 118.708
0.270903 120.179
0.274247 121.649
0.277592 123.119
0.280936 124.588
0.284281 126.058
0.287625 127.526
0.29097 128.994
0.294314 130.462
0.297659 131.929
0.301003 133.396
0.304348 134.862
0.307692 136.328
0.311037 137.794
0.314381 139.258
0.317726 140.723
0.32107 142.187
0.324415 143.65
0.327759 145.113
0.331104 146.576
0.334448 148.037
0.337793 149.499
0.341137 150.96
0.344482 152.42
0.347826 153.88
0.351171 155.339
0.354515 156.798
0.35786 158.256
0.361204 159.714
0.364548 161.171
0.367893 162.628
0.371237 164.084
0.374582 165.54
0.377926 166.995
0.381271 168.449
0.384615 169.903
0.38796 171.356
0.391304 172.809
0.394649 174.261
0.397993 175.713
0.401338 177.164
0.404682 178.615
0.408027 180.065
0.411371 181.514
0.414716 182.963
0.41806 184.411
0.421405 185.858
0.424749 187.305
0.428094 188.752
0.431438 190.198
0.434783 191.643
0.438127 193.087
0.441472 194.531
0.444816 195.975
0.448161 197.417
0.451505 198.86
0.454849 200.301
0.458194 201.742
0.461538 203.182
0.464883 204.622
0.468227 206.061
0.471572 207.499
0.474916 208.937
0.478261 210.374
0.481605 211.811
0.48495 213.246
0.488294 214.682
0.491639 216.116
0.494983 217.55
0.498328 218.983
0.501672 220.416
0.505017 221.848
0.508361 223.279
0.511706 224.71
0.51505 226.14
0.518395 227.569
0.521739 228.997
0.525084 230.425
0.528428 231.853
0.531773 233.279
0.535117 234.705
0.538462 236.13
0.541806 237.555
0.545151 238.979
0.548495 240.402
0.551839 241.825
0.555184 243.247
0.558528 244.668
0.561873 246.088
0.565217 247.508
0.568562 248.927
0.571906 250.346
0.575251 251.763
0.578595 253.18
0.58194 254.597
0.585284 256.012
0.588629 257.427
0.591973 258.842
0.595318 260.255
0.598662 261.668
0.602007 263.08
0.605351 264.492
0.608696 265.902
0.61204 267.312
0.615385 268.722
0.618729 270.13
0.622074 271.538
0.625418 272.946
0.628763 274.352
0.632107 275.758
0.635452 277.163
0.638796 278.568
0.64214 279.971
0.645485 281.375
0.648829 282.777
0.652174 284.179
0.655518 285.58
0.658863 286.98
0.662207 288.379
0.665552 289.778
0.668896 291.176
0.672241 292.574
0.675585 293.971
0.67893 295.367
0.682274 296.762
0.685619 298.157
0.688963 299.551
0.692308 300.944
0.695652 302.336
0.698997 303.728
0.702341 305.12
0.705686 306.51
0.70903 307.9
0.712375 309.289
0.715719 310.678
0.719064 312.065
0.722408 313.453
0.725753 314.839
0.729097 316.225
0.732441 317.61
0.735786 318.994
0.73913 320.378
0.742475 321.761
0.745819 323.144
0.749164 324.525
0.752508 325.907
0.755853 327.287
0.759197 328.667
0.762542 330.046
0.765886 331.425
0.769231 332.803
0.772575 334.18
0.77592 335.556
0.779264 336.932
0.782609 338.308
0.785953 339.683
0.789298 341.057
0.792642 342.43
0.795987 343.803
0.799331 345.176
0.802676 346.547
0.80602 347.918
0.809365 349.289
0.812709 350.659
0.816054 352.028
0.819398 353.397
0.822742 354.765
0.826087 356.133
0.829431 357.5
0.832776 358.867
0.83612 360.233
0.839465 361.598
0.842809 362.963
0.846154 364.327
0.849498 365.691
0.852843 367.055
0.856187 368.417
0.859532 369.78
0.862876 371.142
0.866221 372.503
0.869565 373.864
0.87291 375.224
0.876254 376.584
0.879599 377.944
0.882943 379.303
0.886288 380.661
0.889632 382.02
0.892977 383.377
0.896321 384.735
0.899666 386.091
0.90301 387.448
0.906355 388.804
0.909699 390.16
0.913043 391.515
0.916388 392.87
0.919732 394.225
0.923077 395.579
0.926421 396.933
0.929766 398.286
0.93311 399.64
0.936455 400.993
0.939799 402.345
0.943144 403.698
0.946488 405.05
0.949833 406.402
0.953177 407.753
0.956522 409.105
0.959866 410.456
0.963211 411.807
0.966555 413.157
0.9699 414.508
0.973244 415.858
0.976589 417.208
0.979933 418.558
0.983278 419.908
0.986622 421.258
0.989967 422.607
0.993311 423.957
0.996656 425.306
1 426.656
