      S          PHI         IOTA        SHEAR        VP         WELL        ITOR       ITOR'       PRES       PRES'
------------------------------------------------------------------------------------------------------------------------
  5.0000E-03  2.2698E-01  7.8750E-01  7.4978E-05  1.4910E+01 -3.1954E-02 -5.1560E-17 -7.8426E-17  0.0000E+00  0.0000E+00
  1.0000E-02  4.5396E-01  7.8780E-01  1.0053E-04  1.4918E+01 -3.1809E-02 -2.9037E-17  9.1692E-17  0.0000E+00  0.0000E+00
  1.5000E-02  6.8094E-01  7.8820E-01  1.3555E-04  1.4925E+01 -3.1786E-02  1.9585E-18 -7.3348E-17  0.0000E+00  0.0000E+00
  2.0000E-02  9.0792E-01  7.8869E-01  1.5353E-04  1.4932E+01 -3.1848E-02 -2.9463E-17  5.4771E-17  0.0000E+00  0.0000E+00
  2.5000E-02  1.1349E+00  7.8924E-01  1.7116E-04  1.4939E+01 -3.1923E-02 -1.2330E-16 -1.1009E-16  0.0000E+00  0.0000E+00
  3.0000E-02  1.3619E+00  7.8984E-01  1.8227E-04  1.4947E+01 -3.2017E-02 -2.9514E-16  8.7348E-18  0.0000E+00  0.0000E+00
  3.5000E-02  1.5889E+00  7.9047E-01  1.9104E-04  1.4954E+01 -3.2109E-02 -2.3894E-16  2.4385E-17  0.0000E+00  0.0000E+00
  4.0000E-02  1.8158E+00  7.9113E-01  1.9658E-04  1.4961E+01 -3.2197E-02 -5.0377E-16 -1.8034E-16  0.0000E+00  0.0000E+00
  4.5000E-02  2.0428E+00  7.9181E-01  2.0101E-04  1.4968E+01 -3.2279E-02 -4.3087E-16  2.2316E-16  0.0000E+00  0.0000E+00
  5.0000E-02  2.2698E+00  7.9249E-01  2.0356E-04  1.4976E+01 -3.2356E-02  7.4526E-16  4.6895E-16  0.0000E+00  0.0000E+00
  5.5000E-02  2.4968E+00  7.9319E-01  2.0570E-04  1.4983E+01 -3.2427E-02  1.3369E-15 -1.2079E-16  0.0000E+00  0.0000E+00
  6.0000E-02  2.7238E+00  7.9389E-01  2.0667E-04  1.4990E+01 -3.2494E-02  6.3626E-16 -2.9111E-16  0.0000E+00  0.0000E+00
  6.5000E-02  2.9507E+00  7.9460E-01  2.0762E-04  1.4998E+01 -3.2558E-02  2.8169E-16  8.2646E-17  0.0000E+00  0.0000E+00
  7.0000E-02  3.1777E+00  7.9530E-01  2.0784E-04  1.5005E+01 -3.2618E-02  1.6145E-16 -1.5321E-16  0.0000E+00  0.0000E+00
  7.5000E-02  3.4047E+00  7.9601E-01  2.0821E-04  1.5013E+01 -3.2677E-02 -5.0308E-16 -2.3690E-16  0.0000E+00  0.0000E+00
  8.0000E-02  3.6317E+00  7.9672E-01  2.0807E-04  1.5020E+01 -3.2735E-02 -6.5363E-16  1.4846E-16  0.0000E+00  0.0000E+00
  8.5000E-02  3.8587E+00  7.9743E-01  2.0817E-04  1.5028E+01 -3.2791E-02  1.1308E-16  3.0117E-16  0.0000E+00  0.0000E+00
  9.0000E-02  4.0856E+00  7.9814E-01  2.0791E-04  1.5035E+01 -3.2846E-02  3.7127E-17 -3.4554E-16  0.0000E+00  0.0000E+00
  9.5000E-02  4.3126E+00  7.9885E-01  2.0791E-04  1.5042E+01 -3.2901E-02 -7.8443E-16 -1.3587E-16  0.0000E+00  0.0000E+00
  1.0000E-01  4.5396E+00  7.9956E-01  2.0761E-04  1.5050E+01 -3.2956E-02 -1.1785E-15 -9.4924E-17  0.0000E+00  0.0000E+00
  1.0500E-01  4.7666E+00  8.0027E-01  2.0756E-04  1.5057E+01 -3.3010E-02 -6.0220E-16  4.3213E-16  0.0000E+00  0.0000E+00
  1.1000E-01  4.9936E+00  8.0098E-01  2.0727E-04  1.5065E+01 -3.3065E-02  2.2957E-16  5.4587E-17  0.0000E+00  0.0000E+00
  1.1500E-01  5.2205E+00  8.0169E-01  2.0720E-04  1.5072E+01 -3.3120E-02  3.0451E-16 -1.0753E-17  0.0000E+00  0.0000E+00
  1.2000E-01  5.4475E+00  8.0240E-01  2.0693E-04  1.5080E+01 -3.3174E-02  2.0709E-16 -4.6173E-17  0.0000E+00  0.0000E+00
  1.2500E-01  5.6745E+00  8.0311E-01  2.0686E-04  1.5087E+01 -3.3229E-02 -8.7197E-17 -1.2572E-16  0.0000E+00  0.0000E+00
  1.3000E-01  5.9015E+00  8.0381E-01  2.0659E-04  1.5095E+01 -3.3284E-02  1.4306E-17  1.8491E-16  0.0000E+00  0.0000E+00
  1.3500E-01  6.1285E+00  8.0452E-01  2.0653E-04  1.5103E+01 -3.3339E-02  8.4540E-16  3.0007E-16  0.0000E+00  0.0000E+00
  1.4000E-01  6.3554E+00  8.0523E-01  2.0627E-04  1.5110E+01 -3.3394E-02 -1.6758E-16 -8.9064E-16  0.0000E+00  0.0000E+00
  1.4500E-01  6.5824E+00  8.0594E-01  2.0621E-04  1.5118E+01 -3.3450E-02 -7.1665E-16  5.7017E-16  0.0000E+00  0.0000E+00
  1.5000E-01  6.8094E+00  8.0664E-01  2.0596E-04  1.5125E+01 -3.3505E-02 -1.7923E-15 -1.1965E-15  0.0000E+00  0.0000E+00
  1.5500E-01  7.0364E+00  8.0735E-01  2.0589E-04  1.5133E+01 -3.3561E-02 -2.8026E-15  6.0767E-16  0.0000E+00  0.0000E+00
  1.6000E-01  7.2634E+00  8.0806E-01  2.0565E-04  1.5141E+01 -3.3618E-02  2.0164E-16  1.1410E-15  0.0000E+00  0.0000E+00
  1.6500E-01  7.4903E+00  8.0876E-01  2.0558E-04  1.5148E+01 -3.3674E-02  1.5593E-15 -3.5068E-16  0.0000E+00  0.0000E+00
  1.7000E-01  7.7173E+00  8.0947E-01  2.0535E-04  1.5156E+01 -3.3730E-02  2.1118E-16 -4.3328E-16  0.0000E+00  0.0000E+00
  1.7500E-01  7.9443E+00  8.1018E-01  2.0527E-04  1.5163E+01 -3.3787E-02 -2.7971E-15 -1.3150E-15  0.0000E+00  0.0000E+00
  1.8000E-01  8.1713E+00  8.1088E-01  2.0504E-04  1.5171E+01 -3.3844E-02 -3.0287E-15  1.1798E-15  0.0000E+00  0.0000E+00
  1.8500E-01  8.3983E+00  8.1159E-01  2.0496E-04  1.5179E+01 -3.3901E-02 -1.4578E-16  4.9431E-16  0.0000E+00  0.0000E+00
  1.9000E-01  8.6252E+00  8.1230E-01  2.0474E-04  1.5187E+01 -3.3958E-02  9.0807E-16  1.1739E-16  0.0000E+00  0.0000E+00
  1.9500E-01  8.8522E+00  8.1300E-01  2.0465E-04  1.5194E+01 -3.4015E-02  2.6786E-15  9.0941E-16  0.0000E+00  0.0000E+00
  2.0000E-01  9.0792E+00  8.1371E-01  2.0444E-04  1.5202E+01 -3.4073E-02  5.2046E-16 -2.1598E-15  0.0000E+00  0.0000E+00
  2.0500E-01  9.3062E+00  8.1441E-01  2.0435E-04  1.5210E+01 -3.4130E-02 -1.3999E-15  1.0462E-15  0.0000E+00  0.0000E+00
  2.1000E-01  9.5332E+00  8.1512E-01  2.0414E-04  1.5217E+01 -3.4188E-02  8.2428E-16  2.4219E-16  0.0000E+00  0.0000E+00
  2.1500E-01  9.7601E+00  8.1582E-01  2.0404E-04  1.5225E+01 -3.4246E-02  9.7892E-16 -1.5257E-16  0.0000E+00  0.0000E+00
  2.2000E-01  9.9871E+00  8.1653E-01  2.0384E-04  1.5233E+01 -3.4304E-02 -2.0110E-15 -1.5770E-15  0.0000E+00  0.0000E+00
  2.2500E-01  1.0214E+01  8.1723E-01  2.0374E-04  1.5241E+01 -3.4362E-02 -8.9377E-16  2.2221E-15  0.0000E+00  0.0000E+00
  2.3000E-01  1.0441E+01  8.1794E-01  2.0354E-04  1.5249E+01 -3.4421E-02 -3.1949E-16 -1.8891E-15  0.0000E+00  0.0000E+00
  2.3500E-01  1.0668E+01  8.1864E-01  2.0344E-04  1.5256E+01 -3.4480E-02 -2.7004E-15  5.1305E-16  0.0000E+00  0.0000E+00
  2.4000E-01  1.0895E+01  8.1935E-01  2.0324E-04  1.5264E+01 -3.4538E-02 -6.5806E-16  6.6615E-16  0.0000E+00  0.0000E+00
  2.4500E-01  1.1122E+01  8.2005E-01  2.0314E-04  1.5272E+01 -3.4597E-02 -7.0984E-16 -6.9567E-16  0.0000E+00  0.0000E+00
  2.5000E-01  1.1349E+01  8.2075E-01  2.0295E-04  1.5280E+01 -3.4656E-02 -1.3543E-15  3.2370E-16  0.0000E+00  0.0000E+00
  2.5500E-01  1.1576E+01  8.2146E-01  2.0285E-04  1.5288E+01 -3.4715E-02  1.4306E-16  5.3948E-16  0.0000E+00  0.0000E+00
  2.6000E-01  1.1803E+01  8.2216E-01  2.0265E-04  1.5296E+01 -3.4775E-02  4.6412E-15  2.0520E-15  0.0000E+00  0.0000E+00
  2.6500E-01  1.2030E+01  8.2287E-01  2.0255E-04  1.5304E+01 -3.4834E-02  4.8237E-15 -1.9458E-15  0.0000E+00  0.0000E+00
  2.7000E-01  1.2257E+01  8.2357E-01  2.0236E-04  1.5312E+01 -3.4894E-02  3.1064E-16 -6.5233E-16  0.0000E+00  0.0000E+00
  2.7500E-01  1.2484E+01  8.2427E-01  2.0226E-04  1.5320E+01 -3.4954E-02  7.7115E-16  9.1686E-16  0.0000E+00  0.0000E+00
  2.8000E-01  1.2711E+01  8.2498E-01  2.0207E-04  1.5327E+01 -3.5014E-02  2.2371E-15 -7.3624E-17  0.0000E+00  0.0000E+00
  2.8500E-01  1.2938E+01  8.2568E-01  2.0197E-04  1.5335E+01 -3.5074E-02  1.2473E-15 -4.9514E-16  0.0000E+00  0.0000E+00
  2.9000E-01  1.3165E+01  8.2638E-01  2.0178E-04  1.5343E+01 -3.5135E-02 -6.4171E-16 -5.8995E-16  0.0000E+00  0.0000E+00
  2.9500E-01  1.3392E+01  8.2708E-01  2.0168E-04  1.5351E+01 -3.5195E-02  1.3611E-15  1.7392E-15  0.0000E+00  0.0000E+00
  3.0000E-01  1.3619E+01  8.2779E-01  2.0150E-04  1.5359E+01 -3.5256E-02  2.6595E-15 -9.9343E-16  0.0000E+00  0.0000E+00
  3.0500E-01  1.3846E+01  8.2849E-01  2.0139E-04  1.5367E+01 -3.5317E-02  2.5600E-15  9.3588E-16  0.0000E+00  0.0000E+00
  3.1000E-01  1.4073E+01  8.2919E-01  2.0121E-04  1.5375E+01 -3.5378E-02  1.0103E-15 -1.8235E-15  0.0000E+00  0.0000E+00
  3.1500E-01  1.4300E+01  8.2989E-01  2.0111E-04  1.5383E+01 -3.5439E-02 -1.2242E-15  5.4276E-16  0.0000E+00  0.0000E+00
  3.2000E-01  1.4527E+01  8.3060E-01  2.0093E-04  1.5391E+01 -3.5501E-02 -1.8618E-15 -9.0750E-16  0.0000E+00  0.0000E+00
  3.2500E-01  1.4754E+01  8.3130E-01  2.0083E-04  1.5400E+01 -3.5562E-02 -3.1609E-15  1.6371E-16  0.0000E+00  0.0000E+00
  3.3000E-01  1.4981E+01  8.3200E-01  2.0065E-04  1.5408E+01 -3.5624E-02 -2.7467E-15  7.3241E-17  0.0000E+00  0.0000E+00
  3.3500E-01  1.5208E+01  8.3270E-01  2.0055E-04  1.5416E+01 -3.5686E-02 -2.5927E-15  1.4796E-17  0.0000E+00  0.0000E+00
  3.4000E-01  1.5435E+01  8.3340E-01  2.0038E-04  1.5424E+01 -3.5748E-02 -3.8612E-15 -7.3943E-16  0.0000E+00  0.0000E+00
  3.4500E-01  1.5662E+01  8.3410E-01  2.0027E-04  1.5432E+01 -3.5811E-02 -1.8557E-15  1.8842E-15  0.0000E+00  0.0000E+00
  3.5000E-01  1.5889E+01  8.3481E-01  2.0010E-04  1.5440E+01 -3.5873E-02  4.6746E-15  1.8435E-15  0.0000E+00  0.0000E+00
  3.5500E-01  1.6116E+01  8.3551E-01  2.0000E-04  1.5448E+01 -3.5936E-02 -3.4293E-15 -6.4648E-15  0.0000E+00  0.0000E+00
  3.6000E-01  1.6343E+01  8.3621E-01  1.9984E-04  1.5456E+01 -3.5999E-02 -6.2482E-15  4.8544E-15  0.0000E+00  0.0000E+00
  3.6500E-01  1.6570E+01  8.3691E-01  1.9973E-04  1.5465E+01 -3.6062E-02  1.7112E-15 -3.1673E-16  0.0000E+00  0.0000E+00
  3.7000E-01  1.6797E+01  8.3761E-01  1.9957E-04  1.5473E+01 -3.6125E-02  5.8585E-16 -3.2432E-16  0.0000E+00  0.0000E+00
  3.7500E-01  1.7024E+01  8.3831E-01  1.9947E-04  1.5481E+01 -3.6189E-02 -1.3624E-17 -1.7060E-17  0.0000E+00  0.0000E+00
  3.8000E-01  1.7250E+01  8.3901E-01  1.9931E-04  1.5489E+01 -3.6253E-02 -7.5480E-16 -4.0458E-16  0.0000E+00  0.0000E+00
  3.8500E-01  1.7477E+01  8.3971E-01  1.9921E-04  1.5497E+01 -3.6317E-02  2.3802E-15  2.1868E-15  0.0000E+00  0.0000E+00
  3.9000E-01  1.7704E+01  8.4041E-01  1.9905E-04  1.5506E+01 -3.6381E-02  3.7086E-15 -1.4308E-15  0.0000E+00  0.0000E+00
  3.9500E-01  1.7931E+01  8.4111E-01  1.9895E-04  1.5514E+01 -3.6445E-02  1.3774E-15  1.0601E-16  0.0000E+00  0.0000E+00
  4.0000E-01  1.8158E+01  8.4181E-01  1.9880E-04  1.5522E+01 -3.6510E-02 -8.5834E-17 -9.3660E-16  0.0000E+00  0.0000E+00
  4.0500E-01  1.8385E+01  8.4252E-01  1.9869E-04  1.5530E+01 -3.6575E-02 -1.0082E-16  9.2759E-16  0.0000E+00  0.0000E+00
  4.1000E-01  1.8612E+01  8.4322E-01  1.9854E-04  1.5539E+01 -3.6640E-02 -2.2617E-15 -2.1524E-15  0.0000E+00  0.0000E+00
  4.1500E-01  1.8839E+01  8.4392E-01  1.9845E-04  1.5547E+01 -3.6705E-02 -8.7605E-16  2.9366E-15  0.0000E+00  0.0000E+00
  4.2000E-01  1.9066E+01  8.4462E-01  1.9830E-04  1.5555E+01 -3.6770E-02 -4.7277E-16 -2.7065E-15  0.0000E+00  0.0000E+00
  4.2500E-01  1.9293E+01  8.4532E-01  1.9820E-04  1.5564E+01 -3.6836E-02 -1.0382E-15  2.3850E-15  0.0000E+00  0.0000E+00
  4.3000E-01  1.9520E+01  8.4602E-01  1.9806E-04  1.5572E+01 -3.6902E-02  1.4973E-15 -9.4901E-16  0.0000E+00  0.0000E+00
  4.3500E-01  1.9747E+01  8.4672E-01  1.9796E-04  1.5581E+01 -3.6968E-02  1.2535E-16  1.7259E-16  0.0000E+00  0.0000E+00
  4.4000E-01  1.9974E+01  8.4742E-01  1.9782E-04  1.5589E+01 -3.7034E-02 -7.8205E-16 -6.8539E-16  0.0000E+00  0.0000E+00
  4.4500E-01  2.0201E+01  8.4812E-01  1.9772E-04  1.5597E+01 -3.7101E-02 -3.6568E-15 -9.3901E-16  0.0000E+00  0.0000E+00
  4.5000E-01  2.0428E+01  8.4882E-01  1.9758E-04  1.5606E+01 -3.7167E-02 -3.3775E-15  1.0962E-15  0.0000E+00  0.0000E+00
  4.5500E-01  2.0655E+01  8.4952E-01  1.9749E-04  1.5614E+01 -3.7234E-02  1.7153E-15  1.7783E-15  0.0000E+00  0.0000E+00
  4.6000E-01  2.0882E+01  8.5022E-01  1.9735E-04  1.5623E+01 -3.7302E-02  2.1309E-15 -1.5430E-15  0.0000E+00  0.0000E+00
  4.6500E-01  2.1109E+01  8.5092E-01  1.9726E-04  1.5631E+01 -3.7369E-02  1.7221E-15  1.3118E-15  0.0000E+00  0.0000E+00
  4.7000E-01  2.1336E+01  8.5162E-01  1.9713E-04  1.5640E+01 -3.7437E-02  3.5206E-15 -2.9783E-16  0.0000E+00  0.0000E+00
  4.7500E-01  2.1563E+01  8.5232E-01  1.9704E-04  1.5648E+01 -3.7505E-02  3.6636E-15  3.7822E-16  0.0000E+00  0.0000E+00
  4.8000E-01  2.1790E+01  8.5302E-01  1.9691E-04  1.5657E+01 -3.7573E-02  1.0927E-15 -1.8249E-15  0.0000E+00  0.0000E+00
  4.8500E-01  2.2017E+01  8.5372E-01  1.9682E-04  1.5665E+01 -3.7641E-02 -2.8434E-15 -3.9007E-16  0.0000E+00  0.0000E+00
  4.9000E-01  2.2244E+01  8.5442E-01  1.9669E-04  1.5674E+01 -3.7710E-02 -4.0288E-15 -2.7650E-16  0.0000E+00  0.0000E+00
  4.9500E-01  2.2471E+01  8.5511E-01  1.9661E-04  1.5682E+01 -3.7779E-02 -6.2673E-16  2.1878E-15  0.0000E+00  0.0000E+00
  5.0000E-01  2.2698E+01  8.5581E-01  1.9648E-04  1.5691E+01 -3.7848E-02  4.0873E-16 -1.6052E-15  0.0000E+00  0.0000E+00
  5.0500E-01  2.2925E+01  8.5651E-01  1.9640E-04  1.5700E+01 -3.7917E-02 -1.7371E-15  3.9992E-16  0.0000E+00  0.0000E+00
  5.1000E-01  2.3152E+01  8.5721E-01  1.9628E-04  1.5708E+01 -3.7987E-02  2.0505E-15  1.7249E-15  0.0000E+00  0.0000E+00
  5.1500E-01  2.3379E+01  8.5791E-01  1.9619E-04  1.5717E+01 -3.8056E-02  5.0002E-16 -2.5932E-15  0.0000E+00  0.0000E+00
  5.2000E-01  2.3606E+01  8.5861E-01  1.9608E-04  1.5725E+01 -3.8127E-02 -2.2412E-15  1.0558E-15  0.0000E+00  0.0000E+00
  5.2500E-01  2.3833E+01  8.5931E-01  1.9600E-04  1.5734E+01 -3.8197E-02 -5.1214E-15 -2.6682E-15  0.0000E+00  0.0000E+00
  5.3000E-01  2.4060E+01  8.6001E-01  1.9588E-04  1.5743E+01 -3.8268E-02 -4.1255E-15  3.2242E-15  0.0000E+00  0.0000E+00
  5.3500E-01  2.4287E+01  8.6071E-01  1.9580E-04  1.5751E+01 -3.8338E-02  1.5804E-15 -3.0486E-17  0.0000E+00  0.0000E+00
  5.4000E-01  2.4514E+01  8.6141E-01  1.9569E-04  1.5760E+01 -3.8410E-02  5.4225E-16 -5.4997E-16  0.0000E+00  0.0000E+00
  5.4500E-01  2.4741E+01  8.6211E-01  1.9561E-04  1.5769E+01 -3.8481E-02 -9.2265E-15 -4.9089E-15  0.0000E+00  0.0000E+00
  5.5000E-01  2.4968E+01  8.6281E-01  1.9551E-04  1.5778E+01 -3.8553E-02 -9.2033E-15  4.9191E-15  0.0000E+00  0.0000E+00
  5.5500E-01  2.5195E+01  8.6351E-01  1.9543E-04  1.5786E+01 -3.8625E-02  1.5723E-15  1.0981E-15  0.0000E+00  0.0000E+00
  5.6000E-01  2.5422E+01  8.6421E-01  1.9533E-04  1.5795E+01 -3.8697E-02  4.3489E-15  4.5147E-16  0.0000E+00  0.0000E+00
  5.6500E-01  2.5649E+01  8.6492E-01  1.9525E-04  1.5804E+01 -3.8769E-02  5.7100E-15  3.0765E-16  0.0000E+00  0.0000E+00
  5.7000E-01  2.5876E+01  8.6562E-01  1.9515E-04  1.5813E+01 -3.8842E-02 -1.3066E-15 -4.2173E-15  0.0000E+00  0.0000E+00
  5.7500E-01  2.6103E+01  8.6632E-01  1.9508E-04  1.5822E+01 -3.8915E-02 -2.5900E-15  3.5002E-15  0.0000E+00  0.0000E+00
  5.8000E-01  2.6330E+01  8.6702E-01  1.9498E-04  1.5830E+01 -3.8988E-02  1.0545E-15 -1.4697E-15  0.0000E+00  0.0000E+00
  5.8500E-01  2.6557E+01  8.6772E-01  1.9491E-04  1.5839E+01 -3.9062E-02  3.8421E-16  1.0960E-15  0.0000E+00  0.0000E+00
  5.9000E-01  2.6784E+01  8.6842E-01  1.9482E-04  1.5848E+01 -3.9136E-02  5.9702E-15  2.0104E-15  0.0000E+00  0.0000E+00
  5.9500E-01  2.7011E+01  8.6912E-01  1.9475E-04  1.5857E+01 -3.9210E-02  8.5357E-15 -5.8371E-16  0.0000E+00  0.0000E+00
  6.0000E-01  2.7238E+01  8.6982E-01  1.9466E-04  1.5866E+01 -3.9285E-02 -3.9116E-15 -6.3294E-15  0.0000E+00  0.0000E+00
  6.0500E-01  2.7465E+01  8.7052E-01  1.9460E-04  1.5875E+01 -3.9360E-02 -8.3232E-15  3.8772E-15  0.0000E+00  0.0000E+00
  6.1000E-01  2.7692E+01  8.7122E-01  1.9451E-04  1.5884E+01 -3.9435E-02 -2.4633E-15 -6.2429E-16  0.0000E+00  0.0000E+00
  6.1500E-01  2.7919E+01  8.7192E-01  1.9445E-04  1.5893E+01 -3.9510E-02  2.7399E-15  3.5087E-15  0.0000E+00  0.0000E+00
  6.2000E-01  2.8146E+01  8.7263E-01  1.9437E-04  1.5902E+01 -3.9586E-02  5.2618E-15 -2.1093E-15  0.0000E+00  0.0000E+00
  6.2500E-01  2.8373E+01  8.7333E-01  1.9431E-04  1.5911E+01 -3.9662E-02 -2.7099E-15 -2.3066E-15  0.0000E+00  0.0000E+00
  6.3000E-01  2.8599E+01  8.7403E-01  1.9423E-04  1.5920E+01 -3.9738E-02 -5.5397E-15  7.3901E-16  0.0000E+00  0.0000E+00
  6.3500E-01  2.8826E+01  8.7473E-01  1.9418E-04  1.5929E+01 -3.9815E-02  1.9224E-15  3.3892E-15  0.0000E+00  0.0000E+00
  6.4000E-01  2.9053E+01  8.7543E-01  1.9410E-04  1.5938E+01 -3.9892E-02  4.6173E-15 -1.8974E-15  0.0000E+00  0.0000E+00
  6.4500E-01  2.9280E+01  8.7613E-01  1.9405E-04  1.5947E+01 -3.9969E-02 -4.3353E-15 -3.0504E-15  0.0000E+00  0.0000E+00
  6.5000E-01  2.9507E+01  8.7684E-01  1.9398E-04  1.5956E+01 -4.0047E-02 -4.6282E-15  2.8869E-15  0.0000E+00  0.0000E+00
  6.5500E-01  2.9734E+01  8.7754E-01  1.9393E-04  1.5965E+01 -4.0125E-02 -1.4537E-15 -1.1332E-15  0.0000E+00  0.0000E+00
  6.6000E-01  2.9961E+01  8.7824E-01  1.9386E-04  1.5974E+01 -4.0203E-02  1.8897E-15  2.9768E-15  0.0000E+00  0.0000E+00
  6.6500E-01  3.0188E+01  8.7895E-01  1.9381E-04  1.5983E+01 -4.0282E-02  2.2126E-15 -2.7971E-15  0.0000E+00  0.0000E+00
  6.7000E-01  3.0415E+01  8.7965E-01  1.9375E-04  1.5993E+01 -4.0361E-02 -5.5847E-15 -1.5006E-15  0.0000E+00  0.0000E+00
  6.7500E-01  3.0642E+01  8.8035E-01  1.9371E-04  1.6002E+01 -4.0440E-02  9.2647E-16  5.0851E-15  0.0000E+00  0.0000E+00
  6.8000E-01  3.0869E+01  8.8106E-01  1.9365E-04  1.6011E+01 -4.0520E-02  1.2682E-14  1.3871E-15  0.0000E+00  0.0000E+00
  6.8500E-01  3.1096E+01  8.8176E-01  1.9361E-04  1.6020E+01 -4.0600E-02  5.1964E-15 -5.5034E-15  0.0000E+00  0.0000E+00
  6.9000E-01  3.1323E+01  8.8246E-01  1.9356E-04  1.6029E+01 -4.0680E-02 -6.0397E-15 -6.7629E-16  0.0000E+00  0.0000E+00
  6.9500E-01  3.1550E+01  8.8317E-01  1.9352E-04  1.6039E+01 -4.0761E-02 -1.7071E-15  3.0562E-15  0.0000E+00  0.0000E+00
  7.0000E-01  3.1777E+01  8.8387E-01  1.9347E-04  1.6048E+01 -4.0842E-02 -2.7140E-15 -3.6072E-15  0.0000E+00  0.0000E+00
  7.0500E-01  3.2004E+01  8.8458E-01  1.9344E-04  1.6057E+01 -4.0924E-02 -8.4840E-15  4.3887E-16  0.0000E+00  0.0000E+00
  7.1000E-01  3.2231E+01  8.8528E-01  1.9340E-04  1.6066E+01 -4.1006E-02 -3.2031E-15  2.4576E-15  0.0000E+00  0.0000E+00
  7.1500E-01  3.2458E+01  8.8599E-01  1.9337E-04  1.6076E+01 -4.1088E-02  6.5479E-15  2.8885E-15  0.0000E+00  0.0000E+00
  7.2000E-01  3.2685E+01  8.8669E-01  1.9333E-04  1.6085E+01 -4.1171E-02  5.8177E-15 -3.2869E-15  0.0000E+00  0.0000E+00
  7.2500E-01  3.2912E+01  8.8740E-01  1.9331E-04  1.6094E+01 -4.1254E-02  1.6186E-15  9.8610E-16  0.0000E+00  0.0000E+00
  7.3000E-01  3.3139E+01  8.8811E-01  1.9327E-04  1.6104E+01 -4.1337E-02 -1.3488E-16 -1.9450E-15  0.0000E+00  0.0000E+00
  7.3500E-01  3.3366E+01  8.8881E-01  1.9326E-04  1.6113E+01 -4.1421E-02 -2.3298E-16  1.8902E-15  0.0000E+00  0.0000E+00
  7.4000E-01  3.3593E+01  8.8952E-01  1.9323E-04  1.6123E+01 -4.1505E-02  5.7809E-15  1.3976E-15  0.0000E+00  0.0000E+00
  7.4500E-01  3.3820E+01  8.9023E-01  1.9321E-04  1.6132E+01 -4.1590E-02  1.8938E-15 -3.5199E-15  0.0000E+00  0.0000E+00
  7.5000E-01  3.4047E+01  8.9094E-01  1.9319E-04  1.6141E+01 -4.1675E-02 -1.5791E-15  1.6221E-15  0.0000E+00  0.0000E+00
  7.5500E-01  3.4274E+01  8.9164E-01  1.9318E-04  1.6151E+01 -4.1760E-02 -3.2971E-15 -2.5584E-15  0.0000E+00  0.0000E+00
  7.6000E-01  3.4501E+01  8.9235E-01  1.9316E-04  1.6160E+01 -4.1846E-02 -7.7251E-16  3.9335E-15  0.0000E+00  0.0000E+00
  7.6500E-01  3.4728E+01  8.9306E-01  1.9316E-04  1.6170E+01 -4.1932E-02  2.9552E-15 -1.8999E-15  0.0000E+00  0.0000E+00
  7.7000E-01  3.4955E+01  8.9377E-01  1.9315E-04  1.6179E+01 -4.2019E-02 -6.3749E-15 -3.1824E-15  0.0000E+00  0.0000E+00
  7.7500E-01  3.5182E+01  8.9448E-01  1.9315E-04  1.6189E+01 -4.2106E-02 -7.3163E-15  2.6681E-15  0.0000E+00  0.0000E+00
  7.8000E-01  3.5409E+01  8.9519E-01  1.9314E-04  1.6199E+01 -4.2194E-02 -1.3624E-17  1.3058E-15  0.0000E+00  0.0000E+00
  7.8500E-01  3.5636E+01  8.9590E-01  1.9315E-04  1.6208E+01 -4.2282E-02 -4.5342E-15 -3.7626E-15  0.0000E+00  0.0000E+00
  7.9000E-01  3.5863E+01  8.9661E-01  1.9315E-04  1.6218E+01 -4.2370E-02 -6.8300E-15  2.5131E-15  0.0000E+00  0.0000E+00
  7.9500E-01  3.6090E+01  8.9732E-01  1.9317E-04  1.6227E+01 -4.2459E-02  5.6610E-15  4.2709E-15  0.0000E+00  0.0000E+00
  8.0000E-01  3.6317E+01  8.9803E-01  1.9317E-04  1.6237E+01 -4.2548E-02  1.2183E-14 -7.2901E-16  0.0000E+00  0.0000E+00
  8.0500E-01  3.6544E+01  8.9875E-01  1.9320E-04  1.6247E+01 -4.2638E-02  3.5233E-15 -3.9680E-15  0.0000E+00  0.0000E+00
  8.1000E-01  3.6771E+01  8.9946E-01  1.9321E-04  1.6256E+01 -4.2728E-02 -7.4526E-15 -1.9836E-15  0.0000E+00  0.0000E+00
  8.1500E-01  3.6998E+01  9.0017E-01  1.9324E-04  1.6266E+01 -4.2819E-02 -2.5805E-15  4.6216E-15  0.0000E+00  0.0000E+00
  8.2000E-01  3.7225E+01  9.0088E-01  1.9326E-04  1.6276E+01 -4.2910E-02  4.8994E-15 -5.6943E-16  0.0000E+00  0.0000E+00
  8.2500E-01  3.7452E+01  9.0160E-01  1.9329E-04  1.6286E+01 -4.3002E-02  7.3954E-15  1.9196E-15  0.0000E+00  0.0000E+00
  8.3000E-01  3.7679E+01  9.0231E-01  1.9332E-04  1.6295E+01 -4.3094E-02  3.7304E-15 -3.9002E-15  0.0000E+00  0.0000E+00
  8.3500E-01  3.7906E+01  9.0303E-01  1.9336E-04  1.6305E+01 -4.3186E-02 -3.2890E-15  1.0455E-16  0.0000E+00  0.0000E+00
  8.4000E-01  3.8133E+01  9.0374E-01  1.9340E-04  1.6315E+01 -4.3279E-02 -3.4824E-15 -2.0898E-16  0.0000E+00  0.0000E+00
  8.4500E-01  3.8360E+01  9.0446E-01  1.9345E-04  1.6325E+01 -4.3373E-02 -8.0384E-16  1.6546E-15  0.0000E+00  0.0000E+00
  8.5000E-01  3.8587E+01  9.0518E-01  1.9349E-04  1.6335E+01 -4.3467E-02 -1.7739E-15 -2.1769E-15  0.0000E+00  0.0000E+00
  8.5500E-01  3.8814E+01  9.0590E-01  1.9355E-04  1.6345E+01 -4.3561E-02 -3.8966E-15  1.0312E-15  0.0000E+00  0.0000E+00
  8.6000E-01  3.9041E+01  9.0661E-01  1.9361E-04  1.6354E+01 -4.3656E-02  4.4716E-15  3.4779E-15  0.0000E+00  0.0000E+00
  8.6500E-01  3.9268E+01  9.0733E-01  1.9367E-04  1.6364E+01 -4.3752E-02  5.2836E-15 -3.0386E-15  0.0000E+00  0.0000E+00
  8.7000E-01  3.9495E+01  9.0805E-01  1.9374E-04  1.6374E+01 -4.3848E-02  2.1145E-15  1.3314E-15  0.0000E+00  0.0000E+00
  8.7500E-01  3.9722E+01  9.0877E-01  1.9381E-04  1.6384E+01 -4.3944E-02  1.6246E-14  6.2691E-15  0.0000E+00  0.0000E+00
  8.8000E-01  3.9948E+01  9.0949E-01  1.9388E-04  1.6394E+01 -4.4041E-02  2.3415E-14 -2.4121E-15  0.0000E+00  0.0000E+00
  8.8500E-01  4.0175E+01  9.1022E-01  1.9397E-04  1.6404E+01 -4.4138E-02  1.3120E-14 -3.1190E-15  0.0000E+00  0.0000E+00
  8.9000E-01  4.0402E+01  9.1094E-01  1.9405E-04  1.6414E+01 -4.4236E-02 -1.2507E-15 -4.5974E-15  0.0000E+00  0.0000E+00
  8.9500E-01  4.0629E+01  9.1166E-01  1.9415E-04  1.6424E+01 -4.4335E-02  9.8641E-16  5.7948E-15  0.0000E+00  0.0000E+00
  9.0000E-01  4.0856E+01  9.1239E-01  1.9424E-04  1.6434E+01 -4.4434E-02 -1.0273E-15 -6.8709E-15  0.0000E+00  0.0000E+00
  9.0500E-01  4.1083E+01  9.1311E-01  1.9435E-04  1.6444E+01 -4.4534E-02 -1.1281E-15  6.8127E-15  0.0000E+00  0.0000E+00
  9.1000E-01  4.1310E+01  9.1384E-01  1.9446E-04  1.6455E+01 -4.4634E-02  5.8476E-15 -3.0730E-15  0.0000E+00  0.0000E+00
  9.1500E-01  4.1537E+01  9.1456E-01  1.9457E-04  1.6465E+01 -4.4734E-02 -4.2345E-15 -2.3245E-15  0.0000E+00  0.0000E+00
  9.2000E-01  4.1764E+01  9.1529E-01  1.9469E-04  1.6475E+01 -4.4835E-02 -5.2482E-15  1.7809E-15  0.0000E+00  0.0000E+00
  9.2500E-01  4.1991E+01  9.1602E-01  1.9482E-04  1.6485E+01 -4.4937E-02 -3.5887E-15 -8.9281E-16  0.0000E+00  0.0000E+00
  9.3000E-01  4.2218E+01  9.1675E-01  1.9495E-04  1.6495E+01 -4.5039E-02 -9.4908E-15 -2.2605E-15  0.0000E+00  0.0000E+00
  9.3500E-01  4.2445E+01  9.1748E-01  1.9509E-04  1.6506E+01 -4.5142E-02 -1.6050E-14 -1.2423E-15  0.0000E+00  0.0000E+00
  9.4000E-01  4.2672E+01  9.1821E-01  1.9524E-04  1.6516E+01 -4.5245E-02 -1.8036E-14  1.8172E-16  0.0000E+00  0.0000E+00
  9.4500E-01  4.2899E+01  9.1894E-01  1.9540E-04  1.6526E+01 -4.5349E-02 -1.5022E-14  1.4253E-15  0.0000E+00  0.0000E+00
  9.5000E-01  4.3126E+01  9.1968E-01  1.9556E-04  1.6536E+01 -4.5453E-02 -1.2586E-14 -1.2632E-16  0.0000E+00  0.0000E+00
  9.5500E-01  4.3353E+01  9.2041E-01  1.9573E-04  1.6547E+01 -4.5558E-02 -6.7087E-15  3.2561E-15  0.0000E+00  0.0000E+00
  9.6000E-01  4.3580E+01  9.2115E-01  1.9591E-04  1.6557E+01 -4.5663E-02 -6.4962E-15 -3.1410E-15  0.0000E+00  0.0000E+00
  9.6500E-01  4.3807E+01  9.2188E-01  1.9610E-04  1.6567E+01 -4.5770E-02  3.8803E-15  8.6577E-15  0.0000E+00  0.0000E+00
  9.7000E-01  4.4034E+01  9.2262E-01  1.9629E-04  1.6578E+01 -4.5876E-02  9.3518E-15 -5.7440E-15  0.0000E+00  0.0000E+00
  9.7500E-01  4.4261E+01  9.2336E-01  1.9648E-04  1.6588E+01 -4.5983E-02 -6.6678E-15 -2.7689E-15  0.0000E+00  0.0000E+00
  9.8000E-01  4.4488E+01  9.2410E-01  1.9671E-04  1.6599E+01 -4.6091E-02 -5.5343E-15  3.3689E-15  0.0000E+00  0.0000E+00
  9.8500E-01  4.4715E+01  9.2484E-01  1.9694E-04  1.6609E+01 -4.6200E-02 -5.9675E-16 -7.4737E-16  0.0000E+00  0.0000E+00
  9.9000E-01  4.4942E+01  9.2559E-01  1.9719E-04  1.6620E+01 -4.6310E-02 -5.8667E-15 -2.0471E-15  0.0000E+00  0.0000E+00
  9.9500E-01  4.5169E+01  9.2633E-01  1.9744E-04  1.6630E+01 -4.6423E-02 -1.1398E-14 -8.8502E-16  0.0000E+00  0.0000E+00

      S        DMerc        DShear       DCurr       DWell       Dgeod
----------------------------------------------------------------------------------------------------
  5.0000E-03 -8.0430E+00  3.1246E-07  2.4114E-05  0.0000E+00 -8.0430E+00
  1.0000E-02 -4.2519E-02  5.6226E-07  1.1750E-05  0.0000E+00 -4.2531E-02
  1.5000E-02 -2.5676E-03  1.0233E-06  8.7165E-06  0.0000E+00 -2.5773E-03
  2.0000E-02 -4.6825E-04  1.3139E-06  6.5632E-06  0.0000E+00 -4.7613E-04
  2.5000E-02 -1.4618E-04  1.6345E-06  4.9390E-06  0.0000E+00 -1.5275E-04
  3.0000E-02 -5.8920E-05  1.8555E-06  3.6725E-06  0.0000E+00 -6.4448E-05
  3.5000E-02 -2.6401E-05  2.0402E-06  2.7020E-06  0.0000E+00 -3.1143E-05
  4.0000E-02 -1.2222E-05  2.1625E-06  2.0006E-06  0.0000E+00 -1.6385E-05
  4.5000E-02 -5.4409E-06  2.2633E-06  1.4701E-06  0.0000E+00 -9.1742E-06
  5.0000E-02 -1.9670E-06  2.3233E-06  1.1076E-06  0.0000E+00 -5.3980E-06
  5.5000E-02 -1.2330E-07  2.3747E-06  8.3167E-07  0.0000E+00 -3.3297E-06
  6.0000E-02  9.1135E-07  2.3996E-06  6.5446E-07  0.0000E+00 -2.1427E-06
  6.5000E-02  1.4953E-06  2.4240E-06  5.1347E-07  0.0000E+00 -1.4421E-06
  7.0000E-02  1.8498E-06  2.4315E-06  4.2924E-07  0.0000E+00 -1.0109E-06
  7.5000E-02  2.0584E-06  2.4426E-06  3.5523E-07  0.0000E+00 -7.3943E-07
  8.0000E-02  2.1966E-06  2.4418E-06  3.1658E-07  0.0000E+00 -5.6178E-07
  8.5000E-02  2.2788E-06  2.4466E-06  2.7563E-07  0.0000E+00 -4.4333E-07
  9.0000E-02  2.3394E-06  2.4429E-06  2.5729E-07  0.0000E+00 -3.6081E-07
  9.5000E-02  2.3740E-06  2.4453E-06  2.3159E-07  0.0000E+00 -3.0287E-07
  1.0000E-01  2.4037E-06  2.4407E-06  2.2290E-07  0.0000E+00 -2.5990E-07
  1.0500E-01  2.4187E-06  2.4419E-06  2.0484E-07  0.0000E+00 -2.2808E-07
  1.1000E-01  2.4346E-06  2.4374E-06  2.0022E-07  0.0000E+00 -2.0301E-07
  1.1500E-01  2.4408E-06  2.4383E-06  1.8589E-07  0.0000E+00 -1.8345E-07
  1.2000E-01  2.4497E-06  2.4343E-06  1.8268E-07  0.0000E+00 -1.6729E-07
  1.2500E-01  2.4515E-06  2.4352E-06  1.7051E-07  0.0000E+00 -1.5420E-07
  1.3000E-01  2.4572E-06  2.4313E-06  1.6852E-07  0.0000E+00 -1.4259E-07
  1.3500E-01  2.4569E-06  2.4321E-06  1.5764E-07  0.0000E+00 -1.3293E-07
  1.4000E-01  2.4605E-06  2.4287E-06  1.5606E-07  0.0000E+00 -1.2420E-07
  1.4500E-01  2.4590E-06  2.4295E-06  1.4629E-07  0.0000E+00 -1.1674E-07
  1.5000E-01  2.4616E-06  2.4262E-06  1.4523E-07  0.0000E+00 -1.0976E-07
  1.5500E-01  2.4595E-06  2.4269E-06  1.3642E-07  0.0000E+00 -1.0373E-07
  1.6000E-01  2.4614E-06  2.4238E-06  1.3564E-07  0.0000E+00 -9.8037E-08
  1.6500E-01  2.4590E-06  2.4244E-06  1.2764E-07  0.0000E+00 -9.3045E-08
  1.7000E-01  2.4604E-06  2.4214E-06  1.2721E-07  0.0000E+00 -8.8229E-08
  1.7500E-01  2.4579E-06  2.4220E-06  1.1988E-07  0.0000E+00 -8.4006E-08
  1.8000E-01  2.4589E-06  2.4192E-06  1.1966E-07  0.0000E+00 -7.9936E-08
  1.8500E-01  2.4563E-06  2.4196E-06  1.1296E-07  0.0000E+00 -7.6335E-08
  1.9000E-01  2.4571E-06  2.4169E-06  1.1296E-07  0.0000E+00 -7.2816E-08
  1.9500E-01  2.4544E-06  2.4173E-06  1.0677E-07  0.0000E+00 -6.9705E-08
  2.0000E-01  2.4549E-06  2.4147E-06  1.0692E-07  0.0000E+00 -6.6667E-08
  2.0500E-01  2.4523E-06  2.4150E-06  1.0124E-07  0.0000E+00 -6.3956E-08
  2.1000E-01  2.4527E-06  2.4125E-06  1.0147E-07  0.0000E+00 -6.1276E-08
  2.1500E-01  2.4500E-06  2.4128E-06  9.6106E-08  0.0000E+00 -5.8899E-08
  2.2000E-01  2.4503E-06  2.4104E-06  9.6471E-08  0.0000E+00 -5.6551E-08
  2.2500E-01  2.4477E-06  2.4106E-06  9.1515E-08  0.0000E+00 -5.4444E-08
  2.3000E-01  2.4478E-06  2.4083E-06  9.1901E-08  0.0000E+00 -5.2341E-08
  2.3500E-01  2.4452E-06  2.4085E-06  8.7179E-08  0.0000E+00 -5.0467E-08
  2.4000E-01  2.4453E-06  2.4062E-06  8.7705E-08  0.0000E+00 -4.8602E-08
  2.4500E-01  2.4427E-06  2.4063E-06  8.3341E-08  0.0000E+00 -4.6917E-08
  2.5000E-01  2.4427E-06  2.4041E-06  8.3827E-08  0.0000E+00 -4.5217E-08
  2.5500E-01  2.4401E-06  2.4042E-06  7.9614E-08  0.0000E+00 -4.3696E-08
  2.6000E-01  2.4401E-06  2.4021E-06  8.0206E-08  0.0000E+00 -4.2174E-08
  2.6500E-01  2.4376E-06  2.4021E-06  7.6291E-08  0.0000E+00 -4.0793E-08
  2.7000E-01  2.4375E-06  2.4001E-06  7.6804E-08  0.0000E+00 -3.9392E-08
  2.7500E-01  2.4350E-06  2.4002E-06  7.2995E-08  0.0000E+00 -3.8135E-08
  2.8000E-01  2.4349E-06  2.3982E-06  7.3583E-08  0.0000E+00 -3.6869E-08
  2.8500E-01  2.4325E-06  2.3982E-06  7.0013E-08  0.0000E+00 -3.5719E-08
  2.9000E-01  2.4323E-06  2.3963E-06  7.0555E-08  0.0000E+00 -3.4552E-08
  2.9500E-01  2.4300E-06  2.3964E-06  6.7084E-08  0.0000E+00 -3.3499E-08
  3.0000E-01  2.4298E-06  2.3945E-06  6.7700E-08  0.0000E+00 -3.2438E-08
  3.0500E-01  2.4275E-06  2.3945E-06  6.4461E-08  0.0000E+00 -3.1469E-08
  3.1000E-01  2.4273E-06  2.3928E-06  6.4997E-08  0.0000E+00 -3.0482E-08
  3.1500E-01  2.4250E-06  2.3928E-06  6.1814E-08  0.0000E+00 -2.9592E-08
  3.2000E-01  2.4248E-06  2.3911E-06  6.2430E-08  0.0000E+00 -2.8691E-08
  3.2500E-01  2.4227E-06  2.3911E-06  5.9461E-08  0.0000E+00 -2.7867E-08
  3.3000E-01  2.4224E-06  2.3895E-06  5.9977E-08  0.0000E+00 -2.7029E-08
  3.3500E-01  2.4203E-06  2.3895E-06  5.7006E-08  0.0000E+00 -2.6271E-08
  3.4000E-01  2.4201E-06  2.3879E-06  5.7660E-08  0.0000E+00 -2.5503E-08
  3.4500E-01  2.4181E-06  2.3879E-06  5.4988E-08  0.0000E+00 -2.4791E-08
  3.5000E-01  2.4179E-06  2.3864E-06  5.5491E-08  0.0000E+00 -2.4056E-08
  3.5500E-01  2.4159E-06  2.3865E-06  5.2795E-08  0.0000E+00 -2.3399E-08
  3.6000E-01  2.4157E-06  2.3851E-06  5.3372E-08  0.0000E+00 -2.2733E-08
  3.6500E-01  2.4138E-06  2.3851E-06  5.0833E-08  0.0000E+00 -2.2128E-08
  3.7000E-01  2.4137E-06  2.3838E-06  5.1384E-08  0.0000E+00 -2.1515E-08
  3.7500E-01  2.4118E-06  2.3839E-06  4.8904E-08  0.0000E+00 -2.0961E-08
  3.8000E-01  2.4117E-06  2.3826E-06  4.9538E-08  0.0000E+00 -2.0398E-08
  3.8500E-01  2.4100E-06  2.3827E-06  4.7258E-08  0.0000E+00 -1.9878E-08
  3.9000E-01  2.4099E-06  2.3815E-06  4.7817E-08  0.0000E+00 -1.9347E-08
  3.9500E-01  2.4083E-06  2.3816E-06  4.5560E-08  0.0000E+00 -1.8870E-08
  4.0000E-01  2.4082E-06  2.3804E-06  4.6170E-08  0.0000E+00 -1.8388E-08
  4.0500E-01  2.4067E-06  2.3806E-06  4.4044E-08  0.0000E+00 -1.7950E-08
  4.1000E-01  2.4066E-06  2.3795E-06  4.4624E-08  0.0000E+00 -1.7509E-08
  4.1500E-01  2.4051E-06  2.3797E-06  4.2520E-08  0.0000E+00 -1.7113E-08
  4.2000E-01  2.4052E-06  2.3787E-06  4.3176E-08  0.0000E+00 -1.6708E-08
  4.2500E-01  2.4038E-06  2.3789E-06  4.1271E-08  0.0000E+00 -1.6330E-08
  4.3000E-01  2.4039E-06  2.3780E-06  4.1834E-08  0.0000E+00 -1.5941E-08
  4.3500E-01  2.4026E-06  2.3783E-06  3.9931E-08  0.0000E+00 -1.5595E-08
  4.4000E-01  2.4027E-06  2.3774E-06  4.0555E-08  0.0000E+00 -1.5248E-08
  4.4500E-01  2.4015E-06  2.3777E-06  3.8760E-08  0.0000E+00 -1.4935E-08
  4.5000E-01  2.4017E-06  2.3769E-06  3.9368E-08  0.0000E+00 -1.4623E-08
  4.5500E-01  2.4005E-06  2.3773E-06  3.7586E-08  0.0000E+00 -1.4346E-08
  4.6000E-01  2.4008E-06  2.3765E-06  3.8269E-08  0.0000E+00 -1.4059E-08
  4.6500E-01  2.3998E-06  2.3769E-06  3.6694E-08  0.0000E+00 -1.3786E-08
  4.7000E-01  2.4001E-06  2.3763E-06  3.7274E-08  0.0000E+00 -1.3505E-08
  4.7500E-01  2.3991E-06  2.3767E-06  3.5686E-08  0.0000E+00 -1.3257E-08
  4.8000E-01  2.3995E-06  2.3761E-06  3.6330E-08  0.0000E+00 -1.3010E-08
  4.8500E-01  2.3986E-06  2.3766E-06  3.4831E-08  0.0000E+00 -1.2789E-08
  4.9000E-01  2.3990E-06  2.3761E-06  3.5470E-08  0.0000E+00 -1.2570E-08
  4.9500E-01  2.3983E-06  2.3767E-06  3.3998E-08  0.0000E+00 -1.2376E-08
  5.0000E-01  2.3988E-06  2.3762E-06  3.4688E-08  0.0000E+00 -1.2174E-08
  5.0500E-01  2.3981E-06  2.3768E-06  3.3368E-08  0.0000E+00 -1.1983E-08
  5.1000E-01  2.3987E-06  2.3765E-06  3.3995E-08  0.0000E+00 -1.1787E-08
  5.1500E-01  2.3981E-06  2.3771E-06  3.2687E-08  0.0000E+00 -1.1615E-08
  5.2000E-01  2.3987E-06  2.3768E-06  3.3359E-08  0.0000E+00 -1.1445E-08
  5.2500E-01  2.3983E-06  2.3775E-06  3.2124E-08  0.0000E+00 -1.1293E-08
  5.3000E-01  2.3990E-06  2.3773E-06  3.2801E-08  0.0000E+00 -1.1145E-08
  5.3500E-01  2.3986E-06  2.3780E-06  3.1588E-08  0.0000E+00 -1.1018E-08
  5.4000E-01  2.3994E-06  2.3779E-06  3.2297E-08  0.0000E+00 -1.0880E-08
  5.4500E-01  2.3992E-06  2.3787E-06  3.1221E-08  0.0000E+00 -1.0741E-08
  5.5000E-01  2.4000E-06  2.3787E-06  3.1858E-08  0.0000E+00 -1.0599E-08
  5.5500E-01  2.3998E-06  2.3795E-06  3.0782E-08  0.0000E+00 -1.0476E-08
  5.6000E-01  2.4007E-06  2.3796E-06  3.1472E-08  0.0000E+00 -1.0355E-08
  5.6500E-01  2.4007E-06  2.3805E-06  3.0471E-08  0.0000E+00 -1.0245E-08
  5.7000E-01  2.4017E-06  2.3807E-06  3.1154E-08  0.0000E+00 -1.0139E-08
  5.7500E-01  2.4017E-06  2.3816E-06  3.0171E-08  0.0000E+00 -1.0048E-08
  5.8000E-01  2.4028E-06  2.3819E-06  3.0870E-08  0.0000E+00 -9.9504E-09
  5.8500E-01  2.4030E-06  2.3828E-06  2.9976E-08  0.0000E+00 -9.8509E-09
  5.9000E-01  2.4041E-06  2.3832E-06  3.0628E-08  0.0000E+00 -9.7506E-09
  5.9500E-01  2.4044E-06  2.3843E-06  2.9749E-08  0.0000E+00 -9.6637E-09
  6.0000E-01  2.4056E-06  2.3847E-06  3.0434E-08  0.0000E+00 -9.5784E-09
  6.0500E-01  2.4060E-06  2.3859E-06  2.9614E-08  0.0000E+00 -9.4981E-09
  6.1000E-01  2.4073E-06  2.3864E-06  3.0283E-08  0.0000E+00 -9.4200E-09
  6.1500E-01  2.4077E-06  2.3876E-06  2.9476E-08  0.0000E+00 -9.3522E-09
  6.2000E-01  2.4091E-06  2.3882E-06  3.0165E-08  0.0000E+00 -9.2807E-09
  6.2500E-01  2.4098E-06  2.3895E-06  2.9437E-08  0.0000E+00 -9.2075E-09
  6.3000E-01  2.4112E-06  2.3903E-06  3.0073E-08  0.0000E+00 -9.1352E-09
  6.3500E-01  2.4119E-06  2.3916E-06  2.9347E-08  0.0000E+00 -9.0711E-09
  6.4000E-01  2.4135E-06  2.3925E-06  3.0018E-08  0.0000E+00 -9.0077E-09
  6.4500E-01  2.4143E-06  2.3939E-06  2.9355E-08  0.0000E+00 -8.9462E-09
  6.5000E-01  2.4160E-06  2.3949E-06  3.0015E-08  0.0000E+00 -8.8895E-09
  6.5500E-01  2.4169E-06  2.3964E-06  2.9383E-08  0.0000E+00 -8.8466E-09
  6.6000E-01  2.4187E-06  2.3975E-06  3.0014E-08  0.0000E+00 -8.7944E-09
  6.6500E-01  2.4197E-06  2.3991E-06  2.9385E-08  0.0000E+00 -8.7269E-09
  6.7000E-01  2.4216E-06  2.4003E-06  3.0006E-08  0.0000E+00 -8.6604E-09
  6.7500E-01  2.4228E-06  2.4020E-06  2.9422E-08  0.0000E+00 -8.6084E-09
  6.8000E-01  2.4247E-06  2.4033E-06  3.0023E-08  0.0000E+00 -8.5556E-09
  6.8500E-01  2.4260E-06  2.4051E-06  2.9457E-08  0.0000E+00 -8.4949E-09
  6.9000E-01  2.4281E-06  2.4065E-06  3.0052E-08  0.0000E+00 -8.4366E-09
  6.9500E-01  2.4295E-06  2.4084E-06  2.9505E-08  0.0000E+00 -8.3850E-09
  7.0000E-01  2.4317E-06  2.4099E-06  3.0095E-08  0.0000E+00 -8.3338E-09
  7.0500E-01  2.4333E-06  2.4120E-06  2.9590E-08  0.0000E+00 -8.2769E-09
  7.1000E-01  2.4356E-06  2.4136E-06  3.0151E-08  0.0000E+00 -8.2230E-09
  7.1500E-01  2.4373E-06  2.4158E-06  2.9649E-08  0.0000E+00 -8.1718E-09
  7.2000E-01  2.4397E-06  2.4176E-06  3.0215E-08  0.0000E+00 -8.1213E-09
  7.2500E-01  2.4415E-06  2.4198E-06  2.9758E-08  0.0000E+00 -8.0652E-09
  7.3000E-01  2.4441E-06  2.4218E-06  3.0301E-08  0.0000E+00 -8.0123E-09
  7.3500E-01  2.4461E-06  2.4242E-06  2.9853E-08  0.0000E+00 -7.9635E-09
  7.4000E-01  2.4487E-06  2.4263E-06  3.0384E-08  0.0000E+00 -7.9136E-09
  7.4500E-01  2.4509E-06  2.4288E-06  2.9957E-08  0.0000E+00 -7.8539E-09
  7.5000E-01  2.4537E-06  2.4310E-06  3.0466E-08  0.0000E+00 -7.7970E-09
  7.5500E-01  2.4560E-06  2.4337E-06  3.0057E-08  0.0000E+00 -7.7447E-09
  7.6000E-01  2.4589E-06  2.4361E-06  3.0550E-08  0.0000E+00 -7.6922E-09
  7.6500E-01  2.4614E-06  2.4389E-06  3.0164E-08  0.0000E+00 -7.6300E-09
  7.7000E-01  2.4645E-06  2.4414E-06  3.0647E-08  0.0000E+00 -7.5710E-09
  7.7500E-01  2.4672E-06  2.4444E-06  3.0292E-08  0.0000E+00 -7.5166E-09
  7.8000E-01  2.4704E-06  2.4471E-06  3.0754E-08  0.0000E+00 -7.4620E-09
  7.8500E-01  2.4732E-06  2.4502E-06  3.0397E-08  0.0000E+00 -7.3969E-09
  7.9000E-01  2.4767E-06  2.4531E-06  3.0857E-08  0.0000E+00 -7.3345E-09
  7.9500E-01  2.4797E-06  2.4564E-06  3.0553E-08  0.0000E+00 -7.2787E-09
  8.0000E-01  2.4833E-06  2.4595E-06  3.0970E-08  0.0000E+00 -7.2216E-09
  8.0500E-01  2.4865E-06  2.4630E-06  3.0646E-08  0.0000E+00 -7.1503E-09
  8.1000E-01  2.4903E-06  2.4663E-06  3.1062E-08  0.0000E+00 -7.0816E-09
  8.1500E-01  2.4937E-06  2.4699E-06  3.0760E-08  0.0000E+00 -7.0163E-09
  8.2000E-01  2.4976E-06  2.4734E-06  3.1168E-08  0.0000E+00 -6.9532E-09
  8.2500E-01  2.5013E-06  2.4773E-06  3.0912E-08  0.0000E+00 -6.8837E-09
  8.3000E-01  2.5055E-06  2.4810E-06  3.1303E-08  0.0000E+00 -6.8173E-09
  8.3500E-01  2.5094E-06  2.4851E-06  3.1059E-08  0.0000E+00 -6.7509E-09
  8.4000E-01  2.5138E-06  2.4890E-06  3.1446E-08  0.0000E+00 -6.6859E-09
  8.4500E-01  2.5179E-06  2.4933E-06  3.1234E-08  0.0000E+00 -6.6121E-09
  8.5000E-01  2.5225E-06  2.4975E-06  3.1610E-08  0.0000E+00 -6.5417E-09
  8.5500E-01  2.5269E-06  2.5020E-06  3.1419E-08  0.0000E+00 -6.4725E-09
  8.6000E-01  2.5318E-06  2.5064E-06  3.1796E-08  0.0000E+00 -6.4044E-09
  8.6500E-01  2.5365E-06  2.5112E-06  3.1637E-08  0.0000E+00 -6.3303E-09
  8.7000E-01  2.5416E-06  2.5159E-06  3.2012E-08  0.0000E+00 -6.2580E-09
  8.7500E-01  2.5466E-06  2.5209E-06  3.1927E-08  0.0000E+00 -6.1896E-09
  8.8000E-01  2.5520E-06  2.5259E-06  3.2274E-08  0.0000E+00 -6.1217E-09
  8.8500E-01  2.5573E-06  2.5312E-06  3.2154E-08  0.0000E+00 -6.0402E-09
  8.9000E-01  2.5630E-06  2.5364E-06  3.2514E-08  0.0000E+00 -5.9627E-09
  8.9500E-01  2.5686E-06  2.5420E-06  3.2417E-08  0.0000E+00 -5.8883E-09
  9.0000E-01  2.5746E-06  2.5477E-06  3.2777E-08  0.0000E+00 -5.8148E-09
  9.0500E-01  2.5806E-06  2.5536E-06  3.2758E-08  0.0000E+00 -5.7400E-09
  9.1000E-01  2.5870E-06  2.5595E-06  3.3115E-08  0.0000E+00 -5.6660E-09
  9.1500E-01  2.5933E-06  2.5657E-06  3.3166E-08  0.0000E+00 -5.5905E-09
  9.2000E-01  2.6001E-06  2.5721E-06  3.3532E-08  0.0000E+00 -5.5160E-09
  9.2500E-01  2.6068E-06  2.5787E-06  3.3570E-08  0.0000E+00 -5.4423E-09
  9.3000E-01  2.6139E-06  2.5853E-06  3.3956E-08  0.0000E+00 -5.3745E-09
  9.3500E-01  2.6211E-06  2.5923E-06  3.4031E-08  0.0000E+00 -5.3059E-09
  9.4000E-01  2.6286E-06  2.5995E-06  3.4371E-08  0.0000E+00 -5.2349E-09
  9.4500E-01  2.6362E-06  2.6069E-06  3.4429E-08  0.0000E+00 -5.1606E-09
  9.5000E-01  2.6442E-06  2.6144E-06  3.4856E-08  0.0000E+00 -5.0938E-09
  9.5500E-01  2.6524E-06  2.6222E-06  3.5249E-08  0.0000E+00 -5.0281E-09
  9.6000E-01  2.6609E-06  2.6303E-06  3.5613E-08  0.0000E+00 -4.9479E-09
  9.6500E-01  2.6693E-06  2.6387E-06  3.5418E-08  0.0000E+00 -4.8578E-09
  9.7000E-01  2.6784E-06  2.6472E-06  3.5967E-08  0.0000E+00 -4.7985E-09
  9.7500E-01  2.6878E-06  2.6558E-06  3.6670E-08  0.0000E+00 -4.7239E-09
  9.8000E-01  2.6969E-06  2.6652E-06  3.6270E-08  0.0000E+00 -4.5354E-09
  9.8500E-01  2.7063E-06  2.6749E-06  3.5656E-08  0.0000E+00 -4.2731E-09
  9.9000E-01  2.7153E-06  2.6852E-06  3.3939E-08  0.0000E+00 -3.8213E-09
  9.9500E-01  2.7242E-06  2.6954E-06  3.2085E-08  0.0000E+00 -3.2765E-09
