        2  0.4431307325E-04  0.4557016534E-02  0.7873773030E+00  0.5225857342E+01  0.1175326178E+02
        3  0.4777617579E-04  0.9820427084E-02  0.7876310563E+00  0.5247311219E+01  0.1175326178E+02
        4  0.5084065871E-04  0.1389824285E-01  0.7879714551E+00  0.5262097654E+01  0.1175326178E+02
        5  0.5371936557E-04  0.1734528949E-01  0.7884306644E+00  0.5274147595E+01  0.1175326178E+02
        6  0.5634353753E-04  0.2038572324E-01  0.7889510261E+00  0.5284555945E+01  0.1175326178E+02
        7  0.5906118104E-04  0.2313622831E-01  0.7895314099E+00  0.5293887188E+01  0.1175326178E+02
        8  0.6178433067E-04  0.2566664013E-01  0.7901497719E+00  0.5302407396E+01  0.1175326178E+02
        9  0.6441757875E-04  0.2802260685E-01  0.7907981876E+00  0.5310301498E+01  0.1175326178E+02
       10  0.6706126032E-04  0.3023587330E-01  0.7914657543E+00  0.5317689673E+01  0.1175326178E+02
       11  0.6949291482E-04  0.3232959387E-01  0.7921486977E+00  0.5324660117E+01  0.1175326178E+02
       12  0.7229264967E-04  0.3432133115E-01  0.7928406450E+00  0.5331276899E+01  0.1175326178E+02
       13  0.7532531686E-04  0.3622471184E-01  0.7935402074E+00  0.5337589627E+01  0.1175326178E+02
       14  0.7783836925E-04  0.3805054434E-01  0.7942434259E+00  0.5343637191E+01  0.1175326178E+02
       15  0.8099763749E-04  0.3980763996E-01  0.7949502018E+00  0.5349451205E+01  0.1175326178E+02
       16  0.8366321306E-04  0.4150320044E-01  0.7956580714E+00  0.5355057031E+01  0.1175326178E+02
       17  0.8680197347E-04  0.4314334399E-01  0.7963675615E+00  0.5360475917E+01  0.1175326178E+02
       18  0.8985834002E-04  0.4473318165E-01  0.7970769349E+00  0.5365724810E+01  0.1175326178E+02
       19  0.9293899799E-04  0.4627702271E-01  0.7977869946E+00  0.5370820839E+01  0.1175326178E+02
       20  0.9523280244E-04  0.4777829947E-01  0.7984965310E+00  0.5375775571E+01  0.1175326178E+02
       21  0.9887213595E-04  0.4924088972E-01  0.7992064080E+00  0.5380600642E+01  0.1175326178E+02
       22  0.1026826517E-03  0.5066767658E-01  0.7999156125E+00  0.5385305772E+01  0.1175326178E+02
       23  0.1056282607E-03  0.5206090647E-01  0.8006250031E+00  0.5389899975E+01  0.1175326178E+02
       24  0.1085665804E-03  0.5342280569E-01  0.8013337311E+00  0.5394390772E+01  0.1175326178E+02
       25  0.1128557181E-03  0.5475582444E-01  0.8020425996E+00  0.5398785037E+01  0.1175326178E+02
       26  0.1157155416E-03  0.5606140348E-01  0.8027508762E+00  0.5403087528E+01  0.1175326178E+02
       27  0.1200269074E-03  0.5734128066E-01  0.8034592900E+00  0.5407306564E+01  0.1175326178E+02
       28  0.1231751852E-03  0.5859686754E-01  0.8041671332E+00  0.5411445211E+01  0.1175326178E+02
       29  0.1274605122E-03  0.5982953456E-01  0.8048751000E+00  0.5415508272E+01  0.1175326178E+02
       30  0.1311399257E-03  0.6104052346E-01  0.8055825576E+00  0.5419499358E+01  0.1175326178E+02
       31  0.1348576918E-03  0.6223089237E-01  0.8062901362E+00  0.5423423293E+01  0.1175326178E+02
       32  0.1387115976E-03  0.6340166435E-01  0.8069972302E+00  0.5427282827E+01  0.1175326178E+02
       33  0.1430462524E-03  0.6455383005E-01  0.8077044270E+00  0.5431081186E+01  0.1175326178E+02
       34  0.1466748836E-03  0.6568822982E-01  0.8084111727E+00  0.5434820767E+01  0.1175326178E+02
       35  0.1511534988E-03  0.6680565995E-01  0.8091180128E+00  0.5438505200E+01  0.1175326178E+02
       36  0.1552428445E-03  0.6790687750E-01  0.8098244187E+00  0.5442136427E+01  0.1175326178E+02
       37  0.1592923432E-03  0.6899256615E-01  0.8105309041E+00  0.5445716774E+01  0.1175326178E+02
       38  0.1631804226E-03  0.7006336502E-01  0.8112369781E+00  0.5449248041E+01  0.1175326178E+02
       39  0.1679900877E-03  0.7111988810E-01  0.8119431215E+00  0.5452732839E+01  0.1175326178E+02
       40  0.1719860129E-03  0.7216269289E-01  0.8126488664E+00  0.5456172660E+01  0.1175326178E+02
       41  0.1758603702E-03  0.7319229053E-01  0.8133546700E+00  0.5459569252E+01  0.1175326178E+02
       42  0.1804643252E-03  0.7420918849E-01  0.8140600908E+00  0.5462923685E+01  0.1175326178E+02
       43  0.1851814220E-03  0.7521383274E-01  0.8147655583E+00  0.5466238542E+01  0.1175326178E+02
       44  0.1887322901E-03  0.7620666501E-01  0.8154706607E+00  0.5469514694E+01  0.1175326178E+02
       45  0.1945278365E-03  0.7718813609E-01  0.8161758055E+00  0.5472753501E+01  0.1175326178E+02
       46  0.1990638499E-03  0.7815858574E-01  0.8168805946E+00  0.5475955779E+01  0.1175326178E+02
       47  0.2043741463E-03  0.7911840363E-01  0.8175854150E+00  0.5479123582E+01  0.1175326178E+02
       48  0.2092858445E-03  0.8006796844E-01  0.8182898952E+00  0.5482257584E+01  0.1175326178E+02
       49  0.2140162902E-03  0.8100752323E-01  0.8189944049E+00  0.5485358867E+01  0.1175326178E+02
       50  0.2183949342E-03  0.8193742950E-01  0.8196985791E+00  0.5488428005E+01  0.1175326178E+02
       51  0.2224743351E-03  0.8285793232E-01  0.8204027697E+00  0.5491466798E+01  0.1175326178E+02
       52  0.2282332096E-03  0.8376938120E-01  0.8211066422E+00  0.5494475716E+01  0.1175326178E+02
       53  0.2329923806E-03  0.8467201951E-01  0.8218105332E+00  0.5497455634E+01  0.1175326178E+02
       54  0.2387318918E-03  0.8556609412E-01  0.8225141096E+00  0.5500406931E+01  0.1175326178E+02
       55  0.2440238208E-03  0.8645184677E-01  0.8232176937E+00  0.5503331255E+01  0.1175326178E+02
       56  0.2492593503E-03  0.8732951024E-01  0.8239209816E+00  0.5506228907E+01  0.1175326178E+02
       57  0.2538176077E-03  0.8819930660E-01  0.8246242807E+00  0.5509100600E+01  0.1175326178E+02
       58  0.2584786001E-03  0.8906141961E-01  0.8253272881E+00  0.5511946705E+01  0.1175326178E+02
       59  0.2632151148E-03  0.8991607927E-01  0.8260302993E+00  0.5514768491E+01  0.1175326178E+02
       60  0.2690145750E-03  0.9076348539E-01  0.8267330331E+00  0.5517566258E+01  0.1175326178E+02
       61  0.2741133831E-03  0.9160378287E-01  0.8274357739E+00  0.5520340603E+01  0.1175326178E+02
       62  0.2799717272E-03  0.9243721134E-01  0.8281382412E+00  0.5523091667E+01  0.1175326178E+02
       63  0.2862854419E-03  0.9326390430E-01  0.8288407080E+00  0.5525820861E+01  0.1175326178E+02
       64  0.2917434122E-03  0.9408402092E-01  0.8295429178E+00  0.5528528270E+01  0.1175326178E+02
       65  0.2971335373E-03  0.9489773689E-01  0.8302451333E+00  0.5531214397E+01  0.1175326178E+02
       66  0.3018782142E-03  0.9570516947E-01  0.8309470950E+00  0.5533879436E+01  0.1175326178E+02
       67  0.3073155852E-03  0.9650647434E-01  0.8316490560E+00  0.5536524450E+01  0.1175326178E+02
       68  0.3131789808E-03  0.9730180055E-01  0.8323507817E+00  0.5539149593E+01  0.1175326178E+02
       69  0.3171742780E-03  0.9809123262E-01  0.8330525175E+00  0.5541755301E+01  0.1175326178E+02
       70  0.3247385389E-03  0.9887499684E-01  0.8337540162E+00  0.5544341417E+01  0.1175326178E+02
       71  0.3305202698E-03  0.9965316026E-01  0.8344555123E+00  0.5546909500E+01  0.1175326178E+02
       72  0.3370095971E-03  0.1004258487E+00  0.8351567950E+00  0.5549459357E+01  0.1175326178E+02
       73  0.3425184093E-03  0.1011931874E+00  0.8358580873E+00  0.5551991368E+01  0.1175326178E+02
       74  0.3466223824E-03  0.1019552579E+00  0.8365591700E+00  0.5554505799E+01  0.1175326178E+02
       75  0.3545315817E-03  0.1027122088E+00  0.8372602612E+00  0.5557003191E+01  0.1175326178E+02
       76  0.3593743785E-03  0.1034641154E+00  0.8379611555E+00  0.5559483790E+01  0.1175326178E+02
       77  0.3655120092E-03  0.1042110703E+00  0.8386620647E+00  0.5561947932E+01  0.1175326178E+02
       78  0.3703022291E-03  0.1049532017E+00  0.8393627808E+00  0.5564395674E+01  0.1175326178E+02
       79  0.3767275112E-03  0.1056905979E+00  0.8400635073E+00  0.5566827830E+01  0.1175326178E+02
       80  0.3827252574E-03  0.1064233260E+00  0.8407640581E+00  0.5569244438E+01  0.1175326178E+02
       81  0.3908285972E-03  0.1071514889E+00  0.8414646286E+00  0.5571645790E+01  0.1175326178E+02
       82  0.3971014284E-03  0.1078751817E+00  0.8421650298E+00  0.5574032102E+01  0.1175326178E+02
       83  0.4024175991E-03  0.1085944689E+00  0.8428654518E+00  0.5576403767E+01  0.1175326178E+02
       84  0.4076482380E-03  0.1093094438E+00  0.8435657180E+00  0.5578760987E+01  0.1175326178E+02
       85  0.4148848772E-03  0.1100201742E+00  0.8442660148E+00  0.5581104037E+01  0.1175326178E+02
       86  0.4194839208E-03  0.1107267172E+00  0.8449661603E+00  0.5583432893E+01  0.1175326178E+02
       87  0.4250286496E-03  0.1114291935E+00  0.8456663326E+00  0.5585748294E+01  0.1175326178E+02
       88  0.4329914116E-03  0.1121276486E+00  0.8463663735E+00  0.5588050198E+01  0.1175326178E+02
       89  0.4405304441E-03  0.1128221581E+00  0.8470664523E+00  0.5590338840E+01  0.1175326178E+02
       90  0.4463006607E-03  0.1135127850E+00  0.8477664058E+00  0.5592614425E+01  0.1175326178E+02
       91  0.4531025210E-03  0.1141995897E+00  0.8484664007E+00  0.5594877187E+01  0.1175326178E+02
       92  0.4595856627E-03  0.1148826459E+00  0.8491662830E+00  0.5597127322E+01  0.1175326178E+02
       93  0.4650130285E-03  0.1155620113E+00  0.8498662177E+00  0.5599365050E+01  0.1175326178E+02
       94  0.4720072410E-03  0.1162377412E+00  0.8505660447E+00  0.5601590436E+01  0.1175326178E+02
       95  0.4770746882E-03  0.1169099019E+00  0.8512659199E+00  0.5603803844E+01  0.1175326178E+02
       96  0.4835547799E-03  0.1175785399E+00  0.8519657082E+00  0.5606005331E+01  0.1175326178E+02
       97  0.4921143778E-03  0.1182437220E+00  0.8526655569E+00  0.5608195089E+01  0.1175326178E+02
       98  0.4979043927E-03  0.1189055032E+00  0.8533653254E+00  0.5610373287E+01  0.1175326178E+02
       99  0.5031802458E-03  0.1195639269E+00  0.8540651598E+00  0.5612540097E+01  0.1175326178E+02
      100  0.5096212407E-03  0.1202190426E+00  0.8547649264E+00  0.5614695677E+01  0.1175326178E+02
      101  0.5159547970E-03  0.1208708972E+00  0.8554647691E+00  0.5616840209E+01  0.1175326178E+02
      102  0.5215918463E-03  0.1215195467E+00  0.8561645512E+00  0.5618973810E+01  0.1175326178E+02
      103  0.5301316234E-03  0.1221650184E+00  0.8568644099E+00  0.5621096630E+01  0.1175326178E+02
      104  0.5385129456E-03  0.1228074675E+00  0.8575642255E+00  0.5623208779E+01  0.1175326178E+02
      105  0.5426005634E-03  0.1234467936E+00  0.8582641287E+00  0.5625310420E+01  0.1175326178E+02
      106  0.5498379310E-03  0.1240830983E+00  0.8589639976E+00  0.5627401677E+01  0.1175326178E+02
      107  0.5568038282E-03  0.1247164273E+00  0.8596639611E+00  0.5629482706E+01  0.1175326178E+02
      108  0.5635825823E-03  0.1253468160E+00  0.8603639021E+00  0.5631553623E+01  0.1175326178E+02
      109  0.5684317117E-03  0.1259743048E+00  0.8610639486E+00  0.5633614591E+01  0.1175326178E+02
      110  0.5767216014E-03  0.1265989408E+00  0.8617639813E+00  0.5635665721E+01  0.1175326178E+02
      111  0.5841439833E-03  0.1272207658E+00  0.8624641215E+00  0.5637707048E+01  0.1175326178E+02
      112  0.5918242739E-03  0.1278398121E+00  0.8631642666E+00  0.5639738689E+01  0.1175326178E+02
      113  0.5975578009E-03  0.1284561191E+00  0.8638645312E+00  0.5641760792E+01  0.1175326178E+02
      114  0.6026242356E-03  0.1290697214E+00  0.8645648093E+00  0.5643773454E+01  0.1175326178E+02
      115  0.6091113584E-03  0.1296806562E+00  0.8652652143E+00  0.5645776799E+01  0.1175326178E+02
      116  0.6188789219E-03  0.1302889519E+00  0.8659656462E+00  0.5647770912E+01  0.1175326178E+02
      117  0.6222431307E-03  0.1308946506E+00  0.8666662170E+00  0.5649755935E+01  0.1175326178E+02
      118  0.6330982469E-03  0.1314977830E+00  0.8673668255E+00  0.5651731947E+01  0.1175326178E+02
      119  0.6377283552E-03  0.1320983790E+00  0.8680675790E+00  0.5653699019E+01  0.1175326178E+02
      120  0.6459320586E-03  0.1326964750E+00  0.8687683869E+00  0.5655657234E+01  0.1175326178E+02
      121  0.6524686636E-03  0.1332920850E+00  0.8694693517E+00  0.5657606721E+01  0.1175326178E+02
      122  0.6599673962E-03  0.1338852728E+00  0.8701703821E+00  0.5659547552E+01  0.1175326178E+02
      123  0.6644082153E-03  0.1344760495E+00  0.8708715786E+00  0.5661479836E+01  0.1175326178E+02
      124  0.6717518327E-03  0.1350644510E+00  0.8715728555E+00  0.5663403636E+01  0.1175326178E+02
      125  0.6773935255E-03  0.1356504989E+00  0.8722743115E+00  0.5665319069E+01  0.1175326178E+02
      126  0.6855470110E-03  0.1362342259E+00  0.8729758598E+00  0.5667226194E+01  0.1175326178E+02
      127  0.6941008840E-03  0.1368156541E+00  0.8736775952E+00  0.5669125102E+01  0.1175326178E+02
      128  0.7001891334E-03  0.1373948165E+00  0.8743794411E+00  0.5671015850E+01  0.1175326178E+02
      129  0.7089195094E-03  0.1379717482E+00  0.8750814882E+00  0.5672898551E+01  0.1175326178E+02
      130  0.7142763033E-03  0.1385464504E+00  0.8757836578E+00  0.5674773262E+01  0.1175326178E+02
      131  0.7217216689E-03  0.1391189617E+00  0.8764860389E+00  0.5676640088E+01  0.1175326178E+02
      132  0.7300071487E-03  0.1396893083E+00  0.8771885586E+00  0.5678499080E+01  0.1175326178E+02
      133  0.7322925450E-03  0.1402574780E+00  0.8778913030E+00  0.5680350365E+01  0.1175326178E+02
      134  0.7419354577E-03  0.1408235639E+00  0.8785942025E+00  0.5682193989E+01  0.1175326178E+02
      135  0.7490795783E-03  0.1413875577E+00  0.8792973409E+00  0.5684029968E+01  0.1175326178E+02
      136  0.7520288533E-03  0.1419494838E+00  0.8800006501E+00  0.5685858353E+01  0.1175326178E+02
      137  0.7627806442E-03  0.1425093559E+00  0.8807042111E+00  0.5687679277E+01  0.1175326178E+02
      138  0.7704573426E-03  0.1430672152E+00  0.8814079609E+00  0.5689492787E+01  0.1175326178E+02
      139  0.7752037611E-03  0.1436230615E+00  0.8821119772E+00  0.5691298936E+01  0.1175326178E+02
      140  0.7825601655E-03  0.1441769257E+00  0.8828161991E+00  0.5693097765E+01  0.1175326178E+02
      141  0.7902324334E-03  0.1447288297E+00  0.8835207033E+00  0.5694889375E+01  0.1175326178E+02
      142  0.7992735147E-03  0.1452787971E+00  0.8842254307E+00  0.5696673800E+01  0.1175326178E+02
      143  0.8049807843E-03  0.1458268373E+00  0.8849304549E+00  0.5698451149E+01  0.1175326178E+02
      144  0.8107066477E-03  0.1463729817E+00  0.8856357225E+00  0.5700221446E+01  0.1175326178E+02
      145  0.8180471618E-03  0.1469172426E+00  0.8863413048E+00  0.5701984779E+01  0.1175326178E+02
      146  0.8241864664E-03  0.1474596461E+00  0.8870471485E+00  0.5703741183E+01  0.1175326178E+02
      147  0.8349688386E-03  0.1480002070E+00  0.8877533225E+00  0.5705490746E+01  0.1175326178E+02
      148  0.8396378149E-03  0.1485389038E+00  0.8884597789E+00  0.5707233499E+01  0.1175326178E+02
      149  0.8485610304E-03  0.1490758590E+00  0.8891665847E+00  0.5708969519E+01  0.1175326178E+02
      150  0.8540693619E-03  0.1496110056E+00  0.8898736932E+00  0.5710698840E+01  0.1175326178E+02
      151  0.8629212562E-03  0.1501443831E+00  0.8905811696E+00  0.5712421534E+01  0.1175326178E+02
      152  0.8671617777E-03  0.1506759980E+00  0.8912889709E+00  0.5714137629E+01  0.1175326178E+02
      153  0.8746518078E-03  0.1512058852E+00  0.8919971602E+00  0.5715847207E+01  0.1175326178E+02
      154  0.8839736597E-03  0.1517340491E+00  0.8927056969E+00  0.5717550297E+01  0.1175326178E+02
      155  0.8892949196E-03  0.1522605140E+00  0.8934146420E+00  0.5719246983E+01  0.1175326178E+02
      156  0.8983361113E-03  0.1527852880E+00  0.8941239579E+00  0.5720937284E+01  0.1175326178E+02
      157  0.9057191778E-03  0.1533084075E+00  0.8948337033E+00  0.5722621282E+01  0.1175326178E+02
      158  0.9112592825E-03  0.1538298621E+00  0.8955438445E+00  0.5724299025E+01  0.1175326178E+02
      159  0.9170585559E-03  0.1543496646E+00  0.8962544390E+00  0.5725970548E+01  0.1175326178E+02
      160  0.9259745503E-03  0.1548678435E+00  0.8969654536E+00  0.5727635886E+01  0.1175326178E+02
      161  0.9296719652E-03  0.1553844096E+00  0.8976769435E+00  0.5729295136E+01  0.1175326178E+02
      162  0.9395871192E-03  0.1558993813E+00  0.8983888824E+00  0.5730948344E+01  0.1175326178E+02
      163  0.9446240208E-03  0.1564127789E+00  0.8991013236E+00  0.5732595540E+01  0.1175326178E+02
      164  0.9536118052E-03  0.1569245285E+00  0.8998142398E+00  0.5734236756E+01  0.1175326178E+02
      165  0.9618914716E-03  0.1574348002E+00  0.9005276847E+00  0.5735872072E+01  0.1175326178E+02
      166  0.9675638382E-03  0.1579435327E+00  0.9012416343E+00  0.5737501538E+01  0.1175326178E+02
      167  0.9765140148E-03  0.1584507352E+00  0.9019561387E+00  0.5739125203E+01  0.1175326178E+02
      168  0.9804653986E-03  0.1589564303E+00  0.9026711789E+00  0.5740743096E+01  0.1175326178E+02
      169  0.9881888082E-03  0.1594606827E+00  0.9033868041E+00  0.5742355293E+01  0.1175326178E+02
      170  0.9981637170E-03  0.1599633829E+00  0.9041029968E+00  0.5743961825E+01  0.1175326178E+02
      171  0.1002687010E-02  0.1604646292E+00  0.9048198044E+00  0.5745562771E+01  0.1175326178E+02
      172  0.1007076229E-02  0.1609643682E+00  0.9055372132E+00  0.5747158147E+01  0.1175326178E+02
      173  0.1021836297E-02  0.1614626827E+00  0.9062552698E+00  0.5748748024E+01  0.1175326178E+02
      174  0.1028852227E-02  0.1619595565E+00  0.9069739626E+00  0.5750332451E+01  0.1175326178E+02
      175  0.1036897861E-02  0.1624550044E+00  0.9076933370E+00  0.5751911463E+01  0.1175326178E+02
      176  0.1040851888E-02  0.1629490341E+00  0.9084133846E+00  0.5753485091E+01  0.1175326178E+02
      177  0.1052024323E-02  0.1634416686E+00  0.9091341477E+00  0.5755053426E+01  0.1175326178E+02
      178  0.1056500273E-02  0.1639328998E+00  0.9098556246E+00  0.5756616467E+01  0.1175326178E+02
      179  0.1066325117E-02  0.1644227572E+00  0.9105778583E+00  0.5758174310E+01  0.1175326178E+02
      180  0.1071253646E-02  0.1649112444E+00  0.9113008447E+00  0.5759726942E+01  0.1175326178E+02
      181  0.1076951642E-02  0.1653983760E+00  0.9120246294E+00  0.5761274454E+01  0.1175326178E+02
      182  0.1091431216E-02  0.1658841498E+00  0.9127492119E+00  0.5762816926E+01  0.1175326178E+02
      183  0.1095536880E-02  0.1663685895E+00  0.9134746330E+00  0.5764354337E+01  0.1175326178E+02
      184  0.1104010240E-02  0.1668516816E+00  0.9142008990E+00  0.5765886733E+01  0.1175326178E+02
      185  0.1109469302E-02  0.1673334809E+00  0.9149280488E+00  0.5767414249E+01  0.1175326178E+02
      186  0.1124531832E-02  0.1678139590E+00  0.9156560929E+00  0.5768937008E+01  0.1175326178E+02
      187  0.1126939910E-02  0.1682931463E+00  0.9163850706E+00  0.5770454780E+01  0.1175326178E+02
      188  0.1137535379E-02  0.1687710343E+00  0.9171149915E+00  0.5771967682E+01  0.1175326178E+02
      189  0.1150674593E-02  0.1692476455E+00  0.9178458992E+00  0.5773475839E+01  0.1175326178E+02
      190  0.1158668206E-02  0.1697229857E+00  0.9185778109E+00  0.5774979299E+01  0.1175326178E+02
      191  0.1167343666E-02  0.1701970641E+00  0.9193107696E+00  0.5776478090E+01  0.1175326178E+02
      192  0.1173891548E-02  0.1706699069E+00  0.9200447882E+00  0.5777972228E+01  0.1175326178E+02
      193  0.1182581460E-02  0.1711414879E+00  0.9207798969E+00  0.5779461838E+01  0.1175326178E+02
      194  0.1196058020E-02  0.1716118365E+00  0.9215161325E+00  0.5780947035E+01  0.1175326178E+02
      195  0.1206071198E-02  0.1720809600E+00  0.9222535555E+00  0.5782427522E+01  0.1175326178E+02
      196  0.1215243160E-02  0.1725488541E+00  0.9229921598E+00  0.5783903405E+01  0.1175326178E+02
      197  0.1225612424E-02  0.1730155521E+00  0.9237319659E+00  0.5785374763E+01  0.1175326178E+02
      198  0.1231919268E-02  0.1734810427E+00  0.9244730771E+00  0.5786841440E+01  0.1175326178E+02
      199  0.1245250206E-02  0.1739453624E+00  0.9252155306E+00  0.5788303254E+01  0.1175326178E+02
      200  0.1253708435E-02  0.1744084901E+00  0.9259594094E+00  0.5789759810E+01  0.1175326178E+02
      201  0.1263288416E-02  0.1748704277E+00  0.9267047083E+00  0.5791210293E+01  0.1175326178E+02
