     96    319     68  12760      0      1  12760   0.49211438D-03
     73    153     32    612      0      1    612   0.34662238D-03
     10    101     20    505      0      1    505   0.69492915D-04
     93    174     37   2610      0      1   2610   0.47200724D-03
     48    337     69   3370      0      1   3370   0.21401629D-03
     70    441     92    441      0      1    882   0.33052027D-03
    178    123     28   3690      0      1   3690   0.10663251D-02
     63    352     73   4224      0      1   4224   0.29174341D-03
    167    226     51    904      0      1    904   0.98046540D-03
     14    317     63   5072      0      1   5072   0.80997637D-04
    129    475    104   1425      0      1   1425   0.71427630D-03
    114    282     61    564      0      1    564   0.60911136D-03
    118    235     51    940      0      1    940   0.63772836D-03
    140    249     55    996      0      1    996   0.79023243D-03
    144    176     39    880      0      1    880   0.81804716D-03
    188    353     81   9884      0      1   9884   0.11506746D-02
     39    443     90    886      0      1    886   0.17198601D-03
    124    321     70  73830    642      2   1284   0.67739353D-03
    105    312     67    936      0      1    936   0.54983793D-03
    182    416     95    416      0      1    832   0.10955369D-02
     20      5      1   1005      0      1   1005   0.98872136D-04
     23      5      1    595      0      1    595   0.10856658D-03
     84    488    103   1952      0      1   1952   0.41488488D-03
     60     29      6    899      0      1    899   0.27411338D-03
    148      9      2   1593      0      1   1593   0.84856103D-03
    110    269     58   1345      0      1   1345   0.58414398D-03
      5    289     57    578      0      1    578   0.56343538D-04
    200    423     98    846      0      1    846   0.12632884D-02
     45    142     29   1278      0      1   1278   0.19906385D-03
     88     85     18   6120      0      1   6120   0.44053044D-03
    133    173     38   1211      0      1   1211   0.74193546D-03
    164    191     43   4966      0      1   4966   0.96189147D-03
     94    437     93    874      0      1    874   0.47707469D-03
    153    233     52   9320      0      1   9320   0.88397366D-03
    179    496    113    496      0      1    992   0.10712536D-02
     15    367     73    367      0      1    734   0.83663213D-04
     97     75     16   1650      0      1   1650   0.49790439D-03
     49    122     25   1220      0      1   1220   0.21839493D-03
     64     53     11   1325      0      1   1325   0.29713354D-03
    168     31      7    775      0      1    775   0.98818881D-03
     74     43      9   1806      0      1   1806   0.35453158D-03
     40    359     73    359      0      1    718   0.17586037D-03
    145    239     53    717      0      1    717   0.82418647D-03
     24    394     79    788      0      1    788   0.11285572D-03
     85     71     15    497      0      1    994   0.41948392D-03
    125    307     67    921      0      1    921   0.68554701D-03
     28    164     33   8200      0      1   8200   0.12746051D-03
    183     35      8   1330      0      1   1330   0.11040102D-02
    130    251     55   1757      0      1   1757   0.72172167D-03
     95    277     59    554      0      1    554   0.48355478D-03
    119    221     48   1768      0      1   1768   0.64593206D-03
    134    232     51   1160      0      1   1160   0.74907958D-03
    180    250     57    500      0      1    500   0.10769516D-02
    159    165     37   5610      0      1   5610   0.92597455D-03
    149    454    101   1362      0      1   1362   0.85406936D-03
    115     97     21   2910      0      1   2910   0.61887892D-03
     98    370     79    740      0      1    740   0.50318025D-03
     89    335     71   2010      0      1   2010   0.44630066D-03
     75    253     53    759      0      1    759   0.35937438D-03
     50     39      8    897      0      1    897   0.22247434D-03
    165    324     73   1620      0      1   1620   0.96756384D-03
     65    491    102    491      0      1    982   0.30187821D-03
     25    289     58    578      0      1    578   0.11571554D-03
    189    479    110   2874      0      1   2874   0.11586682D-02
    154    197     44   1379      0      1   1379   0.88929492D-03
    184    188     43    564      0      1    564   0.11094693D-02
    194    373     86   6714      0      1   6714   0.12060712D-02
     54    379     78   7959      0      1   7959   0.24402382D-03
     29    144     29   1008      0      1   1008   0.13113993D-03
    173    172     39   8256      0      1   8256   0.10288522D-02
    150    265     59    795      0      1    795   0.86292126D-03
    160    303     68    909      0      1    909   0.92967197D-03
    135     50     11 123050    500      3   1500   0.75202885D-03
     99    482    103    964      0      1    964   0.50962124D-03
    120     23      5   1794      0      1   1794   0.65246866D-03
     34    351     71   9126      0      1   9126   0.15115350D-03
    169    146     33   4088      0      1   4088   0.99816372D-03
     80    328     69   9840      0      1   9840   0.39082860D-03
    190    409     94   2045      0      1   2045   0.11673437D-02
     30    382     77   1146      0      1   1146   0.13485769D-03
    100    173     37    865      0      1    865   0.51595480D-03
    170     84     19    756      0      1    756   0.10026870D-02
    195     13      3   3627      0      1   3627   0.12152432D-02
     35    163     33   2771      0      1   2771   0.15524284D-03
     90     33      7   6567      0      1   6567   0.45310252D-03
    155     85     19   7395      0      1   7395   0.89833611D-03
    185     83     19   7304      0      1   7304   0.11245318D-02
    174    260     59  14820      0      1  14820   0.10368979D-02
     55    301     62  18361      0      1  18361   0.24925935D-03
    175    273     62   1092      0      1   1092   0.10408519D-02
