0 355.559
0.00334448 358.099
0.00668896 360.522
0.0100334 362.828
0.0133779 365.017
0.0167224 367.092
0.0200669 369.055
0.0234114 370.911
0.0267559 372.662
0.0301003 374.311
0.0334448 375.864
0.0367893 377.33
0.0401338 378.722
0.0434783 380.05
0.0468227 381.327
0.0501672 382.565
0.0535117 383.773
0.0568562 384.953
0.0602007 386.107
0.0635452 387.235
0.0668896 388.339
0.0702341 389.418
0.0735786 390.475
0.0769231 391.511
0.0802676 392.528
0.083612 393.528
0.0869565 394.511
0.090301 395.481
0.0936455 396.438
0.09699 397.382
0.100334 398.311
0.103679 399.225
0.107023 400.121
0.110368 401
0.113712 401.861
0.117057 402.706
0.120401 403.54
0.123746 404.365
0.12709 405.184
0.130435 406.002
0.133779 406.818
0.137124 407.633
0.140468 408.442
0.143813 409.244
0.147157 410.035
0.150502 410.813
0.153846 411.577
0.157191 412.326
0.160535 413.063
0.16388 413.788
0.167224 414.503
0.170569 415.208
0.173913 415.904
0.177258 416.596
0.180602 417.286
0.183946 417.978
0.187291 418.673
0.190635 419.376
0.19398 420.087
0.197324 420.801
0.200669 421.511
0.204013 422.21
0.207358 422.893
0.210702 423.553
0.214047 424.188
0.217391 424.802
0.220736 425.403
0.22408 425.996
0.227425 426.588
0.230769 427.185
0.234114 427.79
0.237458 428.401
0.240803 429.014
0.244147 429.624
0.247492 430.228
0.250836 430.823
0.254181 431.406
0.257525 431.981
0.26087 432.551
0.264214 433.12
0.267559 433.691
0.270903 434.268
0.274247 434.852
0.277592 435.441
0.280936 436.031
0.284281 436.62
0.287625 437.204
0.29097 437.782
0.294314 438.349
0.297659 438.907
0.301003 439.454
0.304348 439.991
0.307692 440.516
0.311037 441.031
0.314381 441.535
0.317726 442.033
0.32107 442.529
0.324415 443.026
0.327759 443.529
0.331104 444.042
0.334448 444.566
0.337793 445.095
0.341137 445.626
0.344482 446.153
0.347826 446.672
0.351171 447.177
0.354515 447.668
0.35786 448.149
0.361204 448.626
0.364548 449.103
0.367893 449.586
0.371237 450.079
0.374582 450.583
0.377926 451.096
0.381271 451.613
0.384615 452.131
0.38796 452.645
0.391304 453.151
0.394649 453.649
0.397993 454.138
0.401338 454.622
0.404682 455.102
0.408027 455.578
0.411371 456.053
0.414716 456.528
0.41806 457
0.421405 457.469
0.424749 457.934
0.428094 458.393
0.431438 458.845
0.434783 459.29
0.438127 459.73
0.441472 460.168
0.444816 460.607
0.448161 461.048
0.451505 461.494
0.454849 461.944
0.458194 462.399
0.461538 462.854
0.464883 463.309
0.468227 463.762
0.471572 464.21
0.474916 464.654
0.478261 465.095
0.481605 465.534
0.48495 465.974
0.488294 466.417
0.491639 466.863
0.494983 467.314
0.498328 467.767
0.501672 468.222
0.505017 468.676
0.508361 469.129
0.511706 469.578
0.51505 470.024
0.518395 470.464
0.521739 470.9
0.525084 471.33
0.528428 471.754
0.531773 472.171
0.535117 472.583
0.538462 472.991
0.541806 473.398
0.545151 473.806
0.548495 474.218
0.551839 474.635
0.555184 475.058
0.558528 475.483
0.561873 475.908
0.565217 476.33
0.568562 476.746
0.571906 477.155
0.575251 477.555
0.578595 477.95
0.58194 478.339
0.585284 478.727
0.588629 479.114
0.591973 479.502
0.595318 479.893
0.598662 480.286
0.602007 480.683
0.605351 481.084
0.608696 481.488
0.61204 481.897
0.615385 482.309
0.618729 482.725
0.622074 483.142
0.625418 483.56
0.628763 483.978
0.632107 484.394
0.635452 484.808
0.638796 485.221
0.64214 485.632
0.645485 486.041
0.648829 486.447
0.652174 486.851
0.655518 487.253
0.658863 487.65
0.662207 488.042
0.665552 488.428
0.668896 488.807
0.672241 489.178
0.675585 489.542
0.67893 489.904
0.682274 490.266
0.685619 490.632
0.688963 491.006
0.692308 491.391
0.695652 491.785
0.698997 492.183
0.702341 492.581
0.705686 492.973
0.70903 493.354
0.712375 493.722
0.715719 494.076
0.719064 494.424
0.722408 494.769
0.725753 495.119
0.729097 495.477
0.732441 495.849
0.735786 496.233
0.73913 496.625
0.742475 497.018
0.745819 497.408
0.749164 497.791
0.752508 498.16
0.755853 498.518
0.759197 498.869
0.762542 499.217
0.765886 499.568
0.769231 499.924
0.772575 500.29
0.77592 500.666
0.779264 501.05
0.782609 501.439
0.785953 501.831
0.789298 502.224
0.792642 502.617
0.795987 503.006
0.799331 503.39
0.802676 503.767
0.80602 504.135
0.809365 504.491
0.812709 504.835
0.816054 505.17
0.819398 505.502
0.822742 505.835
0.826087 506.174
0.829431 506.527
0.832776 506.896
0.83612 507.279
0.839465 507.67
0.842809 508.061
0.846154 508.448
0.849498 508.823
0.852843 509.182
0.856187 509.526
0.859532 509.86
0.862876 510.189
0.866221 510.516
0.869565 510.847
0.87291 511.185
0.876254 511.53
0.879599 511.878
0.882943 512.228
0.886288 512.577
0.889632 512.923
0.892977 513.263
0.896321 513.598
0.899666 513.929
0.90301 514.257
0.906355 514.583
0.909699 514.908
0.913043 515.234
0.916388 515.56
0.919732 515.888
0.923077 516.219
0.926421 516.553
0.929766 516.893
0.93311 517.238
0.936455 517.587
0.939799 517.937
0.943144 518.288
0.946488 518.636
0.949833 518.979
0.953177 519.316
0.956522 519.649
0.959866 519.978
0.963211 520.307
0.966555 520.637
0.9699 520.97
0.973244 521.307
0.976589 521.648
0.979933 521.992
0.983278 522.337
0.986622 522.682
0.989967 523.027
0.993311 523.37
0.996656 523.71
1 524.046
