0 0
0.0102041 11.3355
0.0204082 22.6618
0.0306122 33.9789
0.0408163 45.287
0.0510204 56.5859
0.0612245 67.8757
0.0714286 79.1565
0.0816327 90.4283
0.0918367 101.691
0.102041 112.945
0.112245 124.19
0.122449 135.426
0.132653 146.653
0.142857 157.872
0.153061 169.081
0.163265 180.282
0.173469 191.474
0.183673 202.658
0.193878 213.833
0.204082 224.999
0.214286 236.157
0.22449 247.306
0.234694 258.447
0.244898 269.579
0.255102 280.703
0.265306 291.818
0.27551 302.925
0.285714 314.024
0.295918 325.115
0.306122 336.197
0.316327 347.271
0.326531 358.336
0.336735 369.394
0.346939 380.444
0.357143 391.485
0.367347 402.518
0.377551 413.544
0.387755 424.561
0.397959 435.57
0.408163 446.572
0.418367 457.566
0.428571 468.551
0.438776 479.529
0.44898 490.5
0.459184 501.462
0.469388 512.417
0.479592 523.364
0.489796 534.304
0.5 545.236
0.510204 556.16
0.520408 567.077
0.530612 577.986
0.540816 588.888
0.55102 599.783
0.561224 610.67
0.571429 621.55
0.581633 632.422
0.591837 643.288
0.602041 654.146
0.612245 664.997
0.622449 675.84
0.632653 686.677
0.642857 697.506
0.653061 708.329
0.663265 719.144
0.673469 729.952
0.683673 740.754
0.693878 751.549
0.704082 762.336
0.714286 773.117
0.72449 783.891
0.734694 794.658
0.744898 805.419
0.755102 816.173
0.765306 826.92
0.77551 837.661
0.785714 848.395
0.795918 859.122
0.806122 869.843
0.816327 880.557
0.826531 891.265
0.836735 901.967
0.846939 912.662
0.857143 923.351
0.867347 934.033
0.877551 944.709
0.887755 955.379
0.897959 966.043
0.908163 976.7
0.918367 987.352
0.928571 997.997
0.938776 1008.64
0.94898 1019.27
0.959184 1029.9
0.969388 1040.52
0.979592 1051.13
0.989796 1061.74
1 1072.34

0 1.37317e-06
0.00334448 3.71634
0.00668896 7.43168
0.0100334 11.146
0.0133779 14.8594
0.0167224 18.5718
0.0200669 22.2832
0.0234114 25.9936
0.0267559 29.703
0.0301003 33.4114
0.0334448 37.1189
0.0367893 40.8254
0.0401338 44.5309
0.0434783 48.2354
0.0468227 51.9389
0.0501672 55.6415
0.0535117 59.3431
0.0568562 63.0437
0.0602007 66.7433
0.0635452 70.442
0.0668896 74.1397
0.0702341 77.8364
0.0735786 81.5322
0.0769231 85.227
0.0802676 88.9208
0.083612 92.6137
0.0869565 96.3056
0.090301 99.9965
0.0936455 103.687
0.09699 107.376
0.100334 111.064
0.103679 114.751
0.107023 118.437
0.110368 122.122
0.113712 125.806
0.117057 129.49
0.120401 133.172
0.123746 136.853
0.12709 140.534
0.130435 144.213
0.133779 147.892
0.137124 151.569
0.140468 155.246
0.143813 158.922
0.147157 162.596
0.150502 166.27
0.153846 169.943
0.157191 173.615
0.160535 177.286
0.16388 180.956
0.167224 184.625
0.170569 188.294
0.173913 191.961
0.177258 195.627
0.180602 199.293
0.183946 202.957
0.187291 206.621
0.190635 210.283
0.19398 213.945
0.197324 217.606
0.200669 221.266
0.204013 224.925
0.207358 228.583
0.210702 232.24
0.214047 235.896
0.217391 239.551
0.220736 243.205
0.22408 246.859
0.227425 250.511
0.230769 254.163
0.234114 257.814
0.237458 261.463
0.240803 265.112
0.244147 268.76
0.247492 272.407
0.250836 276.053
0.254181 279.699
0.257525 283.343
0.26087 286.987
0.264214 290.629
0.267559 294.271
0.270903 297.911
0.274247 301.551
0.277592 305.19
0.280936 308.828
0.284281 312.466
0.287625 316.102
0.29097 319.737
0.294314 323.372
0.297659 327.005
0.301003 330.638
0.304348 334.27
0.307692 337.901
0.311037 341.531
0.314381 345.16
0.317726 348.789
0.32107 352.416
0.324415 356.043
0.327759 359.668
0.331104 363.293
0.334448 366.917
0.337793 370.54
0.341137 374.162
0.344482 377.784
0.347826 381.404
0.351171 385.024
0.354515 388.642
0.35786 392.26
0.361204 395.877
0.364548 399.493
0.367893 403.108
0.371237 406.723
0.374582 410.336
0.377926 413.949
0.381271 417.561
0.384615 421.172
0.38796 424.782
0.391304 428.391
0.394649 432
0.397993 435.607
0.401338 439.214
0.404682 442.82
0.408027 446.425
0.411371 450.029
0.414716 453.632
0.41806 457.235
0.421405 460.836
0.424749 464.437
0.428094 468.037
0.431438 471.636
0.434783 475.235
0.438127 478.832
0.441472 482.429
0.444816 486.024
0.448161 489.619
0.451505 493.213
0.454849 496.807
0.458194 500.399
0.461538 503.991
0.464883 507.582
0.468227 511.172
0.471572 514.761
0.474916 518.349
0.478261 521.937
0.481605 525.523
0.48495 529.109
0.488294 532.694
0.491639 536.279
0.494983 539.862
0.498328 543.445
0.501672 547.026
0.505017 550.607
0.508361 554.188
0.511706 557.767
0.51505 561.346
0.518395 564.923
0.521739 568.5
0.525084 572.076
0.528428 575.652
0.531773 579.226
0.535117 582.8
0.538462 586.373
0.541806 589.945
0.545151 593.517
0.548495 597.087
0.551839 600.657
0.555184 604.226
0.558528 607.794
0.561873 611.362
0.565217 614.928
0.568562 618.494
0.571906 622.059
0.575251 625.623
0.578595 629.187
0.58194 632.75
0.585284 636.311
0.588629 639.873
0.591973 643.433
0.595318 646.993
0.598662 650.551
0.602007 654.109
0.605351 657.667
0.608696 661.223
0.61204 664.779
0.615385 668.334
0.618729 671.888
0.622074 675.441
0.625418 678.994
0.628763 682.546
0.632107 686.097
0.635452 689.647
0.638796 693.197
0.64214 696.746
0.645485 700.294
0.648829 703.841
0.652174 707.388
0.655518 710.934
0.658863 714.479
0.662207 718.023
0.665552 721.567
0.668896 725.109
0.672241 728.651
0.675585 732.193
0.67893 735.733
0.682274 739.273
0.685619 742.812
0.688963 746.351
0.692308 749.888
0.695652 753.425
0.698997 756.961
0.702341 760.497
0.705686 764.031
0.70903 767.565
0.712375 771.098
0.715719 774.631
0.719064 778.163
0.722408 781.694
0.725753 785.224
0.729097 788.753
0.732441 792.282
0.735786 795.81
0.73913 799.338
0.742475 802.864
0.745819 806.39
0.749164 809.916
0.752508 813.44
0.755853 816.964
0.759197 820.487
0.762542 824.009
0.765886 827.531
0.769231 831.052
0.772575 834.572
0.77592 838.092
0.779264 841.61
0.782609 845.128
0.785953 848.646
0.789298 852.162
0.792642 855.678
0.795987 859.194
0.799331 862.708
0.802676 866.222
0.80602 869.735
0.809365 873.248
0.812709 876.76
0.816054 880.271
0.819398 883.781
0.822742 887.291
0.826087 890.8
0.829431 894.308
0.832776 897.816
0.83612 901.323
0.839465 904.829
0.842809 908.334
0.846154 911.839
0.849498 915.344
0.852843 918.847
0.856187 922.35
0.859532 925.852
0.862876 929.354
0.866221 932.854
0.869565 936.355
0.87291 939.854
0.876254 943.353
0.879599 946.851
0.882943 950.348
0.886288 953.845
0.889632 957.341
0.892977 960.837
0.896321 964.331
0.899666 967.825
0.90301 971.319
0.906355 974.812
0.909699 978.304
0.913043 981.795
0.916388 985.286
0.919732 988.776
0.923077 992.266
0.926421 995.754
0.929766 999.243
0.93311 1002.73
0.936455 1006.22
0.939799 1009.7
0.943144 1013.19
0.946488 1016.67
0.949833 1020.16
0.953177 1023.64
0.956522 1027.12
0.959866 1030.61
0.963211 1034.09
0.966555 1037.57
0.9699 1041.05
0.973244 1044.53
0.976589 1048.01
0.979933 1051.49
0.983278 1054.97
0.986622 1058.44
0.989967 1061.92
0.993311 1065.39
0.996656 1068.87
1 1072.34
