      S          PHI         IOTA        SHEAR        VP         WELL        ITOR       ITOR'       PRES       PRES'
------------------------------------------------------------------------------------------------------------------------
  5.0000E-03  2.2698E-01  9.2776E-01  1.3062E-04  1.4861E+01 -3.5466E-02  1.5821E-16  3.8877E-17  0.0000E+00  0.0000E+00
  1.0000E-02  4.5396E-01  9.2833E-01  2.0726E-04  1.4869E+01 -3.5366E-02  5.7734E-17 -9.8403E-17  0.0000E+00  0.0000E+00
  1.5000E-02  6.8094E-01  9.2907E-01  2.2832E-04  1.4877E+01 -3.5370E-02  1.1240E-17  7.0812E-17  0.0000E+00  0.0000E+00
  2.0000E-02  9.0792E-01  9.2984E-01  2.3322E-04  1.4885E+01 -3.5430E-02 -3.4572E-16 -2.8209E-16  0.0000E+00  0.0000E+00
  2.5000E-02  1.1349E+00  9.3064E-01  2.3849E-04  1.4893E+01 -3.5515E-02 -5.8245E-16  1.4187E-16  0.0000E+00  0.0000E+00
  3.0000E-02  1.3619E+00  9.3145E-01  2.4132E-04  1.4901E+01 -3.5621E-02  1.8597E-16  3.1260E-16  0.0000E+00  0.0000E+00
  3.5000E-02  1.5889E+00  9.3227E-01  2.4395E-04  1.4909E+01 -3.5729E-02  1.5566E-16 -3.3034E-16  0.0000E+00  0.0000E+00
  4.0000E-02  1.8158E+00  9.3310E-01  2.4567E-04  1.4917E+01 -3.5836E-02 -1.1445E-16  1.7061E-16  0.0000E+00  0.0000E+00
  4.5000E-02  2.0428E+00  9.3394E-01  2.4737E-04  1.4925E+01 -3.5939E-02  1.2058E-16 -3.1772E-17  0.0000E+00  0.0000E+00
  5.0000E-02  2.2698E+00  9.3478E-01  2.4847E-04  1.4933E+01 -3.6036E-02  9.6529E-16  5.3018E-16  0.0000E+00  0.0000E+00
  5.5000E-02  2.4968E+00  9.3562E-01  2.4962E-04  1.4942E+01 -3.6128E-02  2.3652E-15  2.9568E-16  0.0000E+00  0.0000E+00
  6.0000E-02  2.7238E+00  9.3647E-01  2.5034E-04  1.4950E+01 -3.6215E-02  2.2487E-15 -3.6417E-16  0.0000E+00  0.0000E+00
  6.5000E-02  2.9507E+00  9.3732E-01  2.5117E-04  1.4958E+01 -3.6299E-02  8.6175E-16 -4.5306E-16  0.0000E+00  0.0000E+00
  7.0000E-02  3.1777E+00  9.3817E-01  2.5168E-04  1.4966E+01 -3.6380E-02 -1.7712E-16 -1.5882E-16  0.0000E+00  0.0000E+00
  7.5000E-02  3.4047E+00  9.3903E-01  2.5232E-04  1.4974E+01 -3.6459E-02  2.7045E-16  4.2209E-16  0.0000E+00  0.0000E+00
  8.0000E-02  3.6317E+00  9.3989E-01  2.5271E-04  1.4983E+01 -3.6537E-02  1.2596E-15  1.5985E-16  0.0000E+00  0.0000E+00
  8.5000E-02  3.8587E+00  9.4075E-01  2.5324E-04  1.4991E+01 -3.6613E-02 -7.4253E-16 -1.3366E-15  0.0000E+00  0.0000E+00
  9.0000E-02  4.0856E+00  9.4161E-01  2.5357E-04  1.4999E+01 -3.6689E-02 -3.1364E-15 -7.0432E-17  0.0000E+00  0.0000E+00
  9.5000E-02  4.3126E+00  9.4248E-01  2.5403E-04  1.5008E+01 -3.6764E-02 -8.7129E-16  1.4003E-15  0.0000E+00  0.0000E+00
  1.0000E-01  4.5396E+00  9.4334E-01  2.5432E-04  1.5016E+01 -3.6839E-02  1.7099E-15  1.1512E-16  0.0000E+00  0.0000E+00
  1.0500E-01  4.7666E+00  9.4421E-01  2.5474E-04  1.5024E+01 -3.6915E-02  7.3981E-16 -6.8397E-16  0.0000E+00  0.0000E+00
  1.1000E-01  4.9936E+00  9.4508E-01  2.5501E-04  1.5033E+01 -3.6990E-02 -5.0002E-16 -4.3124E-17  0.0000E+00  0.0000E+00
  1.1500E-01  5.2205E+00  9.4595E-01  2.5540E-04  1.5041E+01 -3.7066E-02 -1.9756E-16  2.2029E-16  0.0000E+00  0.0000E+00
  1.2000E-01  5.4475E+00  9.4682E-01  2.5567E-04  1.5050E+01 -3.7141E-02  6.1719E-16  2.5686E-16  0.0000E+00  0.0000E+00
  1.2500E-01  5.6745E+00  9.4770E-01  2.5605E-04  1.5058E+01 -3.7217E-02  1.2841E-15  1.3354E-16  0.0000E+00  0.0000E+00
  1.3000E-01  5.9015E+00  9.4857E-01  2.5631E-04  1.5067E+01 -3.7294E-02  2.8986E-15  8.1074E-16  0.0000E+00  0.0000E+00
  1.3500E-01  6.1285E+00  9.4945E-01  2.5668E-04  1.5075E+01 -3.7371E-02  2.9620E-15 -7.7326E-16  0.0000E+00  0.0000E+00
  1.4000E-01  6.3554E+00  9.5033E-01  2.5695E-04  1.5084E+01 -3.7449E-02  1.4987E-15 -8.1978E-17  0.0000E+00  0.0000E+00
  1.4500E-01  6.5824E+00  9.5121E-01  2.5732E-04  1.5092E+01 -3.7527E-02  2.6915E-15  7.7835E-16  0.0000E+00  0.0000E+00
  1.5000E-01  6.8094E+00  9.5209E-01  2.5759E-04  1.5101E+01 -3.7605E-02  3.7154E-15 -1.8047E-16  0.0000E+00  0.0000E+00
  1.5500E-01  7.0364E+00  9.5298E-01  2.5796E-04  1.5109E+01 -3.7684E-02  1.3897E-15 -1.1759E-15  0.0000E+00  0.0000E+00
  1.6000E-01  7.2634E+00  9.5386E-01  2.5825E-04  1.5118E+01 -3.7764E-02 -7.6093E-16 -7.8219E-17  0.0000E+00  0.0000E+00
  1.6500E-01  7.4903E+00  9.5475E-01  2.5862E-04  1.5126E+01 -3.7844E-02  1.0096E-15  1.1095E-15  0.0000E+00  0.0000E+00
  1.7000E-01  7.7173E+00  9.5564E-01  2.5891E-04  1.5135E+01 -3.7924E-02  3.7392E-15  4.8029E-16  0.0000E+00  0.0000E+00
  1.7500E-01  7.9443E+00  9.5653E-01  2.5928E-04  1.5143E+01 -3.8005E-02  4.5901E-15  1.5062E-17  0.0000E+00  0.0000E+00
  1.8000E-01  8.1713E+00  9.5742E-01  2.5958E-04  1.5152E+01 -3.8087E-02  8.3109E-17 -2.6360E-15  0.0000E+00  0.0000E+00
  1.8500E-01  8.3983E+00  9.5831E-01  2.5996E-04  1.5161E+01 -3.8169E-02 -2.1799E-15  1.3192E-15  0.0000E+00  0.0000E+00
  1.9000E-01  8.6252E+00  9.5921E-01  2.6027E-04  1.5169E+01 -3.8251E-02  9.5916E-16  5.0491E-16  0.0000E+00  0.0000E+00
  1.9500E-01  8.8522E+00  9.6011E-01  2.6065E-04  1.5178E+01 -3.8334E-02  1.1404E-15 -3.9943E-16  0.0000E+00  0.0000E+00
  2.0000E-01  9.0792E+00  9.6101E-01  2.6097E-04  1.5187E+01 -3.8418E-02  4.0601E-15  2.0932E-15  0.0000E+00  0.0000E+00
  2.0500E-01  9.3062E+00  9.6191E-01  2.6136E-04  1.5196E+01 -3.8502E-02  4.4498E-15 -1.8661E-15  0.0000E+00  0.0000E+00
  2.1000E-01  9.5332E+00  9.6281E-01  2.6168E-04  1.5204E+01 -3.8587E-02 -9.1829E-16 -1.2460E-15  0.0000E+00  0.0000E+00
  2.1500E-01  9.7601E+00  9.6371E-01  2.6208E-04  1.5213E+01 -3.8672E-02  1.0641E-15  2.3934E-15  0.0000E+00  0.0000E+00
  2.2000E-01  9.9871E+00  9.6462E-01  2.6241E-04  1.5222E+01 -3.8757E-02  3.4143E-15 -1.0316E-15  0.0000E+00  0.0000E+00
  2.2500E-01  1.0214E+01  9.6553E-01  2.6281E-04  1.5231E+01 -3.8843E-02 -1.5941E-16 -1.0365E-15  0.0000E+00  0.0000E+00
  2.3000E-01  1.0441E+01  9.6643E-01  2.6315E-04  1.5239E+01 -3.8930E-02  6.0084E-16  1.4755E-15  0.0000E+00  0.0000E+00
  2.3500E-01  1.0668E+01  9.6735E-01  2.6356E-04  1.5248E+01 -3.9017E-02  2.5914E-15 -3.2437E-16  0.0000E+00  0.0000E+00
  2.4000E-01  1.0895E+01  9.6826E-01  2.6391E-04  1.5257E+01 -3.9105E-02  1.5832E-15 -2.5808E-16  0.0000E+00  0.0000E+00
  2.4500E-01  1.1122E+01  9.6917E-01  2.6432E-04  1.5266E+01 -3.9193E-02 -2.5887E-17 -6.7079E-16  0.0000E+00  0.0000E+00
  2.5000E-01  1.1349E+01  9.7009E-01  2.6468E-04  1.5275E+01 -3.9282E-02 -3.4647E-15 -1.3133E-15  0.0000E+00  0.0000E+00
  2.5500E-01  1.1576E+01  9.7101E-01  2.6510E-04  1.5284E+01 -3.9371E-02  2.0709E-16  3.4294E-15  0.0000E+00  0.0000E+00
  2.6000E-01  1.1803E+01  9.7193E-01  2.6547E-04  1.5293E+01 -3.9461E-02  6.8545E-15  4.0271E-16  0.0000E+00  0.0000E+00
  2.6500E-01  1.2030E+01  9.7285E-01  2.6589E-04  1.5302E+01 -3.9552E-02  4.5261E-15 -1.7433E-15  0.0000E+00  0.0000E+00
  2.7000E-01  1.2257E+01  9.7378E-01  2.6627E-04  1.5311E+01 -3.9643E-02  3.3039E-15  1.0389E-15  0.0000E+00  0.0000E+00
  2.7500E-01  1.2484E+01  9.7470E-01  2.6670E-04  1.5320E+01 -3.9735E-02  3.1214E-15 -1.1433E-15  0.0000E+00  0.0000E+00
  2.8000E-01  1.2711E+01  9.7563E-01  2.6709E-04  1.5329E+01 -3.9827E-02  1.7657E-15  3.6339E-16  0.0000E+00  0.0000E+00
  2.8500E-01  1.2938E+01  9.7656E-01  2.6753E-04  1.5338E+01 -3.9920E-02  2.6145E-15  1.2445E-16  0.0000E+00  0.0000E+00
  2.9000E-01  1.3165E+01  9.7749E-01  2.6792E-04  1.5347E+01 -4.0013E-02 -1.0763E-16 -1.6873E-15  0.0000E+00  0.0000E+00
  2.9500E-01  1.3392E+01  9.7843E-01  2.6836E-04  1.5356E+01 -4.0107E-02 -1.3406E-15  9.7878E-16  0.0000E+00  0.0000E+00
  3.0000E-01  1.3619E+01  9.7937E-01  2.6877E-04  1.5365E+01 -4.0201E-02 -3.0941E-15 -1.9838E-15  0.0000E+00  0.0000E+00
  3.0500E-01  1.3846E+01  9.8030E-01  2.6922E-04  1.5374E+01 -4.0297E-02 -1.9020E-15  2.6658E-15  0.0000E+00  0.0000E+00
  3.1000E-01  1.4073E+01  9.8124E-01  2.6963E-04  1.5383E+01 -4.0392E-02  6.3749E-15  2.0766E-15  0.0000E+00  0.0000E+00
  3.1500E-01  1.4300E+01  9.8219E-01  2.7008E-04  1.5393E+01 -4.0489E-02  7.4226E-15 -1.4756E-15  0.0000E+00  0.0000E+00
  3.2000E-01  1.4527E+01  9.8313E-01  2.7050E-04  1.5402E+01 -4.0586E-02  2.2344E-15 -1.4934E-15  0.0000E+00  0.0000E+00
  3.2500E-01  1.4754E+01  9.8408E-01  2.7096E-04  1.5411E+01 -4.0683E-02  2.1990E-15  1.4723E-15  0.0000E+00  0.0000E+00
  3.3000E-01  1.4981E+01  9.8503E-01  2.7139E-04  1.5420E+01 -4.0782E-02  6.1174E-16 -2.3784E-15  0.0000E+00  0.0000E+00
  3.3500E-01  1.5208E+01  9.8598E-01  2.7185E-04  1.5430E+01 -4.0881E-02 -6.1624E-15 -1.4915E-15  0.0000E+00  0.0000E+00
  3.4000E-01  1.5435E+01  9.8693E-01  2.7229E-04  1.5439E+01 -4.0980E-02 -6.4607E-15  1.3203E-15  0.0000E+00  0.0000E+00
  3.4500E-01  1.5662E+01  9.8789E-01  2.7276E-04  1.5448E+01 -4.1080E-02 -2.5996E-15  8.8280E-16  0.0000E+00  0.0000E+00
  3.5000E-01  1.5889E+01  9.8884E-01  2.7320E-04  1.5458E+01 -4.1181E-02  4.7549E-16  8.7062E-16  0.0000E+00  0.0000E+00
  3.5500E-01  1.6116E+01  9.8980E-01  2.7368E-04  1.5467E+01 -4.1283E-02 -2.8216E-15 -2.7484E-15  0.0000E+00  0.0000E+00
  3.6000E-01  1.6343E+01  9.9077E-01  2.7412E-04  1.5476E+01 -4.1385E-02 -1.7494E-15  3.3572E-15  0.0000E+00  0.0000E+00
  3.6500E-01  1.6570E+01  9.9173E-01  2.7461E-04  1.5486E+01 -4.1488E-02  5.8722E-16 -2.0257E-15  0.0000E+00  0.0000E+00
  3.7000E-01  1.6797E+01  9.9270E-01  2.7506E-04  1.5495E+01 -4.1592E-02  1.3270E-15  2.4451E-15  0.0000E+00  0.0000E+00
  3.7500E-01  1.7024E+01  9.9366E-01  2.7555E-04  1.5505E+01 -4.1696E-02  1.9783E-15 -2.0735E-15  0.0000E+00  0.0000E+00
  3.8000E-01  1.7250E+01  9.9464E-01  2.7601E-04  1.5514E+01 -4.1801E-02 -4.0778E-15 -1.3673E-15  0.0000E+00  0.0000E+00
  3.8500E-01  1.7477E+01  9.9561E-01  2.7650E-04  1.5524E+01 -4.1906E-02  2.1990E-15  4.9293E-15  0.0000E+00  0.0000E+00
  3.9000E-01  1.7704E+01  9.9658E-01  2.7696E-04  1.5533E+01 -4.2013E-02  3.0873E-15 -4.4224E-15  0.0000E+00  0.0000E+00
  3.9500E-01  1.7931E+01  9.9756E-01  2.7746E-04  1.5543E+01 -4.2120E-02 -3.0519E-16  2.4964E-15  0.0000E+00  0.0000E+00
  4.0000E-01  1.8158E+01  9.9854E-01  2.7793E-04  1.5552E+01 -4.2228E-02  3.0369E-15 -6.0132E-16  0.0000E+00  0.0000E+00
  4.0500E-01  1.8385E+01  9.9952E-01  2.7843E-04  1.5562E+01 -4.2336E-02  1.9769E-15  7.7144E-19  0.0000E+00  0.0000E+00
  4.1000E-01  1.8612E+01  1.0005E+00  2.7890E-04  1.5571E+01 -4.2446E-02  9.6325E-15  4.3313E-15  0.0000E+00  0.0000E+00
  4.1500E-01  1.8839E+01  1.0015E+00  2.7941E-04  1.5581E+01 -4.2556E-02  1.1642E-14 -3.1921E-15  0.0000E+00  0.0000E+00
  4.2000E-01  1.9066E+01  1.0025E+00  2.7989E-04  1.5591E+01 -4.2667E-02 -2.3121E-15 -4.6963E-15  0.0000E+00  0.0000E+00
  4.2500E-01  1.9293E+01  1.0035E+00  2.8040E-04  1.5600E+01 -4.2778E-02 -2.4429E-15  4.6195E-15  0.0000E+00  0.0000E+00
  4.3000E-01  1.9520E+01  1.0045E+00  2.8088E-04  1.5610E+01 -4.2891E-02  5.7727E-15  2.0764E-17  0.0000E+00  0.0000E+00
  4.3500E-01  1.9747E+01  1.0055E+00  2.8139E-04  1.5620E+01 -4.3004E-02  2.5900E-15 -1.8161E-15  0.0000E+00  0.0000E+00
  4.4000E-01  1.9974E+01  1.0065E+00  2.8188E-04  1.5630E+01 -4.3118E-02  2.6159E-15  1.8296E-15  0.0000E+00  0.0000E+00
  4.4500E-01  2.0201E+01  1.0075E+00  2.8239E-04  1.5639E+01 -4.3233E-02  5.5111E-15 -1.9728E-16  0.0000E+00  0.0000E+00
  4.5000E-01  2.0428E+01  1.0085E+00  2.8289E-04  1.5649E+01 -4.3348E-02  2.3965E-15 -1.5565E-15  0.0000E+00  0.0000E+00
  4.5500E-01  2.0655E+01  1.0095E+00  2.8340E-04  1.5659E+01 -4.3465E-02 -2.7739E-15 -1.3539E-15  0.0000E+00  0.0000E+00
  4.6000E-01  2.0882E+01  1.0105E+00  2.8390E-04  1.5669E+01 -4.3582E-02 -6.4199E-15 -6.9721E-16  0.0000E+00  0.0000E+00
  4.6500E-01  2.1109E+01  1.0115E+00  2.8442E-04  1.5679E+01 -4.3700E-02 -3.8516E-15  2.1401E-15  0.0000E+00  0.0000E+00
  4.7000E-01  2.1336E+01  1.0125E+00  2.8492E-04  1.5689E+01 -4.3819E-02 -4.1282E-16 -2.0737E-16  0.0000E+00  0.0000E+00
  4.7500E-01  2.1563E+01  1.0135E+00  2.8544E-04  1.5699E+01 -4.3939E-02  3.5151E-16  6.3624E-16  0.0000E+00  0.0000E+00
  4.8000E-01  2.1790E+01  1.0145E+00  2.8595E-04  1.5709E+01 -4.4059E-02  3.4306E-15  1.0913E-15  0.0000E+00  0.0000E+00
  4.8500E-01  2.2017E+01  1.0156E+00  2.8647E-04  1.5719E+01 -4.4181E-02  1.1445E-16 -2.9495E-15  0.0000E+00  0.0000E+00
  4.9000E-01  2.2244E+01  1.0166E+00  2.8698E-04  1.5729E+01 -4.4303E-02 -2.7467E-15  1.3448E-15  0.0000E+00  0.0000E+00
  4.9500E-01  2.2471E+01  1.0176E+00  2.8751E-04  1.5739E+01 -4.4427E-02  5.4907E-16  5.0113E-16  0.0000E+00  0.0000E+00
  5.0000E-01  2.2698E+01  1.0186E+00  2.8802E-04  1.5749E+01 -4.4551E-02  8.4022E-15  3.8929E-15  0.0000E+00  0.0000E+00
  5.0500E-01  2.2925E+01  1.0197E+00  2.8855E-04  1.5759E+01 -4.4676E-02 -3.3625E-15 -1.0468E-14  0.0000E+00  0.0000E+00
  5.1000E-01  2.3152E+01  1.0207E+00  2.8906E-04  1.5769E+01 -4.4802E-02 -8.4935E-15  7.5946E-15  0.0000E+00  0.0000E+00
  5.1500E-01  2.3379E+01  1.0217E+00  2.8960E-04  1.5779E+01 -4.4929E-02 -1.4238E-15 -3.6419E-15  0.0000E+00  0.0000E+00
  5.2000E-01  2.3606E+01  1.0228E+00  2.9012E-04  1.5790E+01 -4.5057E-02  2.1636E-15  5.6415E-15  0.0000E+00  0.0000E+00
  5.2500E-01  2.3833E+01  1.0238E+00  2.9066E-04  1.5800E+01 -4.5187E-02  1.7712E-15 -5.8566E-15  0.0000E+00  0.0000E+00
  5.3000E-01  2.4060E+01  1.0249E+00  2.9118E-04  1.5810E+01 -4.5317E-02  2.4211E-15  6.2150E-15  0.0000E+00  0.0000E+00
  5.3500E-01  2.4287E+01  1.0259E+00  2.9172E-04  1.5821E+01 -4.5448E-02  4.1187E-15 -5.2655E-15  0.0000E+00  0.0000E+00
  5.4000E-01  2.4514E+01  1.0270E+00  2.9225E-04  1.5831E+01 -4.5580E-02  2.2044E-15  4.1966E-15  0.0000E+00  0.0000E+00
  5.4500E-01  2.4741E+01  1.0280E+00  2.9279E-04  1.5841E+01 -4.5713E-02  2.8584E-15 -3.8301E-15  0.0000E+00  0.0000E+00
  5.5000E-01  2.4968E+01  1.0291E+00  2.9333E-04  1.5852E+01 -4.5847E-02 -4.0328E-15 -3.0294E-18  0.0000E+00  0.0000E+00
  5.5500E-01  2.5195E+01  1.0301E+00  2.9388E-04  1.5862E+01 -4.5982E-02  6.4689E-15  5.8368E-15  0.0000E+00  0.0000E+00
  5.6000E-01  2.5422E+01  1.0312E+00  2.9442E-04  1.5872E+01 -4.6119E-02  1.8189E-14  6.7314E-16  0.0000E+00  0.0000E+00
  5.6500E-01  2.5649E+01  1.0322E+00  2.9497E-04  1.5883E+01 -4.6256E-02  1.6304E-14 -1.7180E-15  0.0000E+00  0.0000E+00
  5.7000E-01  2.5876E+01  1.0333E+00  2.9551E-04  1.5893E+01 -4.6395E-02  4.0982E-15 -5.0502E-15  0.0000E+00  0.0000E+00
  5.7500E-01  2.6103E+01  1.0344E+00  2.9608E-04  1.5904E+01 -4.6534E-02 -2.4892E-15  1.3972E-15  0.0000E+00  0.0000E+00
  5.8000E-01  2.6330E+01  1.0354E+00  2.9663E-04  1.5915E+01 -4.6675E-02 -1.1717E-15 -6.6684E-16  0.0000E+00  0.0000E+00
  5.8500E-01  2.6557E+01  1.0365E+00  2.9719E-04  1.5925E+01 -4.6817E-02  8.6039E-15  6.0752E-15  0.0000E+00  0.0000E+00
  5.9000E-01  2.6784E+01  1.0376E+00  2.9775E-04  1.5936E+01 -4.6960E-02 -1.0818E-15 -1.1427E-14  0.0000E+00  0.0000E+00
  5.9500E-01  2.7011E+01  1.0387E+00  2.9833E-04  1.5947E+01 -4.7105E-02 -1.4409E-14  4.0547E-15  0.0000E+00  0.0000E+00
  6.0000E-01  2.7238E+01  1.0398E+00  2.9889E-04  1.5957E+01 -4.7251E-02 -1.1295E-15  3.2809E-15  0.0000E+00  0.0000E+00
  6.0500E-01  2.7465E+01  1.0408E+00  2.9947E-04  1.5968E+01 -4.7398E-02  1.4428E-15 -1.8592E-15  0.0000E+00  0.0000E+00
  6.1000E-01  2.7692E+01  1.0419E+00  3.0005E-04  1.5979E+01 -4.7546E-02  4.5778E-15  3.5868E-15  0.0000E+00  0.0000E+00
  6.1500E-01  2.7919E+01  1.0430E+00  3.0064E-04  1.5990E+01 -4.7695E-02  8.2633E-15 -1.5534E-15  0.0000E+00  0.0000E+00
  6.2000E-01  2.8146E+01  1.0441E+00  3.0122E-04  1.6000E+01 -4.7846E-02 -1.9824E-15 -4.0899E-15  0.0000E+00  0.0000E+00
  6.2500E-01  2.8373E+01  1.0452E+00  3.0182E-04  1.6011E+01 -4.7999E-02 -1.6227E-15  4.2850E-15  0.0000E+00  0.0000E+00
  6.3000E-01  2.8599E+01  1.0463E+00  3.0241E-04  1.6022E+01 -4.8152E-02  3.3026E-15 -1.5735E-15  0.0000E+00  0.0000E+00
  6.3500E-01  2.8826E+01  1.0474E+00  3.0302E-04  1.6033E+01 -4.8307E-02 -6.9212E-16 -6.2297E-16  0.0000E+00  0.0000E+00
  6.4000E-01  2.9053E+01  1.0485E+00  3.0363E-04  1.6044E+01 -4.8464E-02  1.2371E-15  1.6821E-15  0.0000E+00  0.0000E+00
  6.4500E-01  2.9280E+01  1.0496E+00  3.0425E-04  1.6055E+01 -4.8622E-02 -7.3027E-16 -2.7606E-15  0.0000E+00  0.0000E+00
  6.5000E-01  2.9507E+01  1.0507E+00  3.0486E-04  1.6066E+01 -4.8781E-02 -3.6364E-15  1.1649E-15  0.0000E+00  0.0000E+00
  6.5500E-01  2.9734E+01  1.0518E+00  3.0549E-04  1.6077E+01 -4.8942E-02  8.8954E-15  5.7041E-15  0.0000E+00  0.0000E+00
  6.6000E-01  2.9961E+01  1.0530E+00  3.0612E-04  1.6088E+01 -4.9104E-02  9.0603E-15 -5.6099E-15  0.0000E+00  0.0000E+00
  6.6500E-01  3.0188E+01  1.0541E+00  3.0676E-04  1.6100E+01 -4.9268E-02  4.9648E-15  3.3645E-15  0.0000E+00  0.0000E+00
  6.7000E-01  3.0415E+01  1.0552E+00  3.0740E-04  1.6111E+01 -4.9434E-02  6.8940E-16 -5.7004E-15  0.0000E+00  0.0000E+00
  6.7500E-01  3.0642E+01  1.0563E+00  3.0806E-04  1.6122E+01 -4.9601E-02 -1.1728E-14 -1.0901E-15  0.0000E+00  0.0000E+00
  6.8000E-01  3.0869E+01  1.0575E+00  3.0871E-04  1.6133E+01 -4.9770E-02 -1.5586E-15  6.6435E-15  0.0000E+00  0.0000E+00
  6.8500E-01  3.1096E+01  1.0586E+00  3.0938E-04  1.6145E+01 -4.9940E-02  1.0932E-14  1.7846E-16  0.0000E+00  0.0000E+00
  6.9000E-01  3.1323E+01  1.0597E+00  3.1005E-04  1.6156E+01 -5.0112E-02  7.8641E-15 -1.8517E-15  0.0000E+00  0.0000E+00
  6.9500E-01  3.1550E+01  1.0609E+00  3.1073E-04  1.6167E+01 -5.0286E-02 -6.7945E-15 -6.1386E-15  0.0000E+00  0.0000E+00
  7.0000E-01  3.1777E+01  1.0620E+00  3.1142E-04  1.6179E+01 -5.0462E-02 -6.9103E-15  6.0712E-15  0.0000E+00  0.0000E+00
  7.0500E-01  3.2004E+01  1.0631E+00  3.1212E-04  1.6190E+01 -5.0640E-02 -8.4690E-15 -6.9152E-15  0.0000E+00  0.0000E+00
  7.1000E-01  3.2231E+01  1.0643E+00  3.1281E-04  1.6202E+01 -5.0819E-02 -1.7885E-14  1.7894E-15  0.0000E+00  0.0000E+00
  7.1500E-01  3.2458E+01  1.0654E+00  3.1353E-04  1.6213E+01 -5.1001E-02  6.3640E-15  1.1390E-14  0.0000E+00  0.0000E+00
  7.2000E-01  3.2685E+01  1.0666E+00  3.1424E-04  1.6225E+01 -5.1184E-02  1.3847E-14 -7.3185E-15  0.0000E+00  0.0000E+00
  7.2500E-01  3.2912E+01  1.0678E+00  3.1497E-04  1.6237E+01 -5.1369E-02 -1.7957E-14 -9.9462E-15  0.0000E+00  0.0000E+00
  7.3000E-01  3.3139E+01  1.0689E+00  3.1570E-04  1.6248E+01 -5.1556E-02 -1.6443E-14  1.0760E-14  0.0000E+00  0.0000E+00
  7.3500E-01  3.3366E+01  1.0701E+00  3.1645E-04  1.6260E+01 -5.1745E-02  3.4729E-15  4.0607E-17  0.0000E+00  0.0000E+00
  7.4000E-01  3.3593E+01  1.0713E+00  3.1720E-04  1.6272E+01 -5.1937E-02  2.0927E-15 -7.8795E-16  0.0000E+00  0.0000E+00
  7.4500E-01  3.3820E+01  1.0724E+00  3.1796E-04  1.6284E+01 -5.2130E-02  1.3468E-14  6.9427E-15  0.0000E+00  0.0000E+00
  7.5000E-01  3.4047E+01  1.0736E+00  3.1873E-04  1.6295E+01 -5.2326E-02  1.0296E-14 -8.6527E-15  0.0000E+00  0.0000E+00
  7.5500E-01  3.4274E+01  1.0748E+00  3.1952E-04  1.6307E+01 -5.2524E-02  2.6554E-15  4.5179E-15  0.0000E+00  0.0000E+00
  7.6000E-01  3.4501E+01  1.0760E+00  3.2030E-04  1.6319E+01 -5.2724E-02  1.9182E-14  4.4087E-15  0.0000E+00  0.0000E+00
  7.6500E-01  3.4728E+01  1.0772E+00  3.2111E-04  1.6331E+01 -5.2927E-02  1.6437E-14 -5.8866E-15  0.0000E+00  0.0000E+00
  7.7000E-01  3.4955E+01  1.0784E+00  3.2191E-04  1.6343E+01 -5.3132E-02  1.2684E-15 -2.2955E-15  0.0000E+00  0.0000E+00
  7.7500E-01  3.5182E+01  1.0795E+00  3.2273E-04  1.6355E+01 -5.3339E-02 -1.2505E-14 -5.1263E-15  0.0000E+00  0.0000E+00
  7.8000E-01  3.5409E+01  1.0808E+00  3.2356E-04  1.6367E+01 -5.3549E-02 -1.9903E-14  1.1398E-15  0.0000E+00  0.0000E+00
  7.8500E-01  3.5636E+01  1.0820E+00  3.2441E-04  1.6380E+01 -5.3762E-02 -2.3302E-14 -2.9676E-15  0.0000E+00  0.0000E+00
  7.9000E-01  3.5863E+01  1.0832E+00  3.2526E-04  1.6392E+01 -5.3977E-02 -1.9509E-14  5.0043E-15  0.0000E+00  0.0000E+00
  7.9500E-01  3.6090E+01  1.0844E+00  3.2612E-04  1.6404E+01 -5.4195E-02 -3.6105E-16  5.2845E-15  0.0000E+00  0.0000E+00
  8.0000E-01  3.6317E+01  1.0856E+00  3.2699E-04  1.6416E+01 -5.4415E-02  9.5290E-15  2.7789E-17  0.0000E+00  0.0000E+00
  8.0500E-01  3.6544E+01  1.0868E+00  3.2788E-04  1.6429E+01 -5.4639E-02  7.2782E-15 -1.2349E-15  0.0000E+00  0.0000E+00
  8.1000E-01  3.6771E+01  1.0880E+00  3.2878E-04  1.6441E+01 -5.4865E-02 -1.4033E-16 -2.7418E-15  0.0000E+00  0.0000E+00
  8.1500E-01  3.6998E+01  1.0893E+00  3.2970E-04  1.6454E+01 -5.5094E-02  5.3571E-15  5.6837E-15  0.0000E+00  0.0000E+00
  8.2000E-01  3.7225E+01  1.0905E+00  3.3062E-04  1.6466E+01 -5.5327E-02  7.9472E-15 -4.2935E-15  0.0000E+00  0.0000E+00
  8.2500E-01  3.7452E+01  1.0917E+00  3.3156E-04  1.6479E+01 -5.5562E-02  9.5685E-15  5.1571E-15  0.0000E+00  0.0000E+00
  8.3000E-01  3.7679E+01  1.0930E+00  3.3251E-04  1.6492E+01 -5.5801E-02  1.3426E-14 -3.0923E-15  0.0000E+00  0.0000E+00
  8.3500E-01  3.7906E+01  1.0942E+00  3.3347E-04  1.6504E+01 -5.6043E-02  5.7822E-15 -9.9070E-16  0.0000E+00  0.0000E+00
  8.4000E-01  3.8133E+01  1.0955E+00  3.3445E-04  1.6517E+01 -5.6289E-02 -6.8177E-15 -5.7318E-15  0.0000E+00  0.0000E+00
  8.4500E-01  3.8360E+01  1.0967E+00  3.3545E-04  1.6530E+01 -5.6538E-02 -5.2700E-15  6.5524E-15  0.0000E+00  0.0000E+00
  8.5000E-01  3.8587E+01  1.0980E+00  3.3646E-04  1.6543E+01 -5.6791E-02 -7.3940E-15 -7.6786E-15  0.0000E+00  0.0000E+00
  8.5500E-01  3.8814E+01  1.0993E+00  3.3748E-04  1.6556E+01 -5.7047E-02 -1.6506E-14  2.8229E-15  0.0000E+00  0.0000E+00
  8.6000E-01  3.9041E+01  1.1005E+00  3.3852E-04  1.6569E+01 -5.7307E-02 -1.7040E-14 -3.1048E-15  0.0000E+00  0.0000E+00
  8.6500E-01  3.9268E+01  1.1018E+00  3.3959E-04  1.6582E+01 -5.7572E-02 -8.4090E-15  7.6888E-15  0.0000E+00  0.0000E+00
  8.7000E-01  3.9495E+01  1.1031E+00  3.4066E-04  1.6595E+01 -5.7840E-02  1.9442E-15 -2.1855E-15  0.0000E+00  0.0000E+00
  8.7500E-01  3.9722E+01  1.1044E+00  3.4176E-04  1.6608E+01 -5.8113E-02  1.4066E-14  8.6149E-15  0.0000E+00  0.0000E+00
  8.8000E-01  3.9948E+01  1.1057E+00  3.4287E-04  1.6621E+01 -5.8390E-02  1.2382E-14 -9.5008E-15  0.0000E+00  0.0000E+00
  8.8500E-01  4.0175E+01  1.1070E+00  3.4400E-04  1.6634E+01 -5.8672E-02 -4.8340E-15  3.7384E-16  0.0000E+00  0.0000E+00
  8.9000E-01  4.0402E+01  1.1083E+00  3.4515E-04  1.6648E+01 -5.8958E-02  3.4511E-15  4.0116E-15  0.0000E+00  0.0000E+00
  8.9500E-01  4.0629E+01  1.1096E+00  3.4633E-04  1.6661E+01 -5.9249E-02  7.3300E-15 -1.9570E-15  0.0000E+00  0.0000E+00
  9.0000E-01  4.0856E+01  1.1109E+00  3.4752E-04  1.6675E+01 -5.9545E-02  4.8817E-15  6.6164E-16  0.0000E+00  0.0000E+00
  9.0500E-01  4.1083E+01  1.1122E+00  3.4874E-04  1.6688E+01 -5.9846E-02  3.4661E-15 -1.4085E-15  0.0000E+00  0.0000E+00
  9.1000E-01  4.1310E+01  1.1135E+00  3.4998E-04  1.6702E+01 -6.0153E-02  1.1352E-14  5.5677E-15  0.0000E+00  0.0000E+00
  9.1500E-01  4.1537E+01  1.1149E+00  3.5125E-04  1.6715E+01 -6.0465E-02  1.3217E-14 -4.5800E-15  0.0000E+00  0.0000E+00
  9.2000E-01  4.1764E+01  1.1162E+00  3.5254E-04  1.6729E+01 -6.0783E-02  1.5123E-14  5.5801E-15  0.0000E+00  0.0000E+00
  9.2500E-01  4.1991E+01  1.1175E+00  3.5385E-04  1.6743E+01 -6.1106E-02  3.6101E-14  5.4644E-15  0.0000E+00  0.0000E+00
  9.3000E-01  4.2218E+01  1.1189E+00  3.5519E-04  1.6757E+01 -6.1437E-02  2.5790E-14 -1.0882E-14  0.0000E+00  0.0000E+00
  9.3500E-01  4.2445E+01  1.1202E+00  3.5658E-04  1.6771E+01 -6.1774E-02  6.9362E-15  9.6708E-16  0.0000E+00  0.0000E+00
  9.4000E-01  4.2672E+01  1.1216E+00  3.5799E-04  1.6785E+01 -6.2118E-02  9.4935E-15  3.7621E-16  0.0000E+00  0.0000E+00
  9.4500E-01  4.2899E+01  1.1230E+00  3.5942E-04  1.6799E+01 -6.2468E-02  2.5621E-14  8.0831E-15  0.0000E+00  0.0000E+00
  9.5000E-01  4.3126E+01  1.1243E+00  3.6087E-04  1.6813E+01 -6.2824E-02  1.9461E-14 -1.1304E-14  0.0000E+00  0.0000E+00
  9.5500E-01  4.3353E+01  1.1257E+00  3.6236E-04  1.6828E+01 -6.3189E-02  9.1557E-15  5.8985E-15  0.0000E+00  0.0000E+00
  9.6000E-01  4.3580E+01  1.1271E+00  3.6389E-04  1.6842E+01 -6.3562E-02  2.7789E-14  3.8548E-15  0.0000E+00  0.0000E+00
  9.6500E-01  4.3807E+01  1.1285E+00  3.6547E-04  1.6857E+01 -6.3943E-02  1.9224E-14 -8.3283E-15  0.0000E+00  0.0000E+00
  9.7000E-01  4.4034E+01  1.1299E+00  3.6709E-04  1.6871E+01 -6.4334E-02  1.6101E-14  6.6902E-15  0.0000E+00  0.0000E+00
  9.7500E-01  4.4261E+01  1.1313E+00  3.6875E-04  1.6886E+01 -6.4733E-02  1.8815E-15 -1.4105E-14  0.0000E+00  0.0000E+00
  9.8000E-01  4.4488E+01  1.1327E+00  3.7045E-04  1.6900E+01 -6.5142E-02 -3.4102E-15  1.1333E-14  0.0000E+00  0.0000E+00
  9.8500E-01  4.4715E+01  1.1342E+00  3.7220E-04  1.6915E+01 -6.5561E-02  1.5559E-14 -1.4421E-15  0.0000E+00  0.0000E+00
  9.9000E-01  4.4942E+01  1.1356E+00  3.7400E-04  1.6930E+01 -6.5991E-02 -7.7360E-15 -1.0683E-14  0.0000E+00  0.0000E+00
  9.9500E-01  4.5169E+01  1.1370E+00  3.7571E-04  1.6945E+01 -6.6419E-02 -1.4611E-14  7.0988E-15  0.0000E+00  0.0000E+00

      S        DMerc        DShear       DCurr       DWell       Dgeod
----------------------------------------------------------------------------------------------------
  5.0000E-03 -8.9294E+00  9.4200E-07  1.7027E-05  0.0000E+00 -8.9294E+00
  1.0000E-02 -4.6463E-02  2.3742E-06  2.5608E-06  0.0000E+00 -4.6468E-02
  1.5000E-02 -2.4862E-03  2.8843E-06  1.4554E-06  0.0000E+00 -2.4905E-03
  2.0000E-02 -3.6180E-04  3.0125E-06  1.2004E-06  0.0000E+00 -3.6601E-04
  2.5000E-02 -8.9846E-05  3.1536E-06  9.5828E-07  0.0000E+00 -9.3958E-05
  3.0000E-02 -2.9877E-05  3.2325E-06  8.0926E-07  0.0000E+00 -3.3919E-05
  3.5000E-02 -1.0915E-05  3.3069E-06  6.6468E-07  0.0000E+00 -1.4887E-05
  4.0000E-02 -3.4852E-06  3.3574E-06  5.6346E-07  0.0000E+00 -7.4061E-06
  4.5000E-02 -1.5266E-07  3.4078E-06  4.6376E-07  0.0000E+00 -4.0242E-06
  5.0000E-02  1.5038E-06  3.4419E-06  3.9839E-07  0.0000E+00 -2.3365E-06
  5.5000E-02  2.3791E-06  3.4776E-06  3.3208E-07  0.0000E+00 -1.4305E-06
  6.0000E-02  2.8796E-06  3.5016E-06  2.9068E-07  0.0000E+00 -9.1268E-07
  6.5000E-02  3.1709E-06  3.5286E-06  2.4516E-07  0.0000E+00 -6.0283E-07
  7.0000E-02  3.3563E-06  3.5470E-06  2.1841E-07  0.0000E+00 -4.0910E-07
  7.5000E-02  3.4707E-06  3.5689E-06  1.8626E-07  0.0000E+00 -2.8450E-07
  8.0000E-02  3.5518E-06  3.5841E-06  1.6922E-07  0.0000E+00 -2.0152E-07
  8.5000E-02  3.6036E-06  3.6030E-06  1.4603E-07  0.0000E+00 -1.4546E-07
  9.0000E-02  3.6451E-06  3.6165E-06  1.3512E-07  0.0000E+00 -1.0650E-07
  9.5000E-02  3.6725E-06  3.6336E-06  1.1819E-07  0.0000E+00 -7.9257E-08
  1.0000E-01  3.6980E-06  3.6460E-06  1.1169E-07  0.0000E+00 -5.9645E-08
  1.0500E-01  3.7154E-06  3.6620E-06  9.8985E-08  0.0000E+00 -4.5576E-08
  1.1000E-01  3.7339E-06  3.6740E-06  9.5104E-08  0.0000E+00 -3.5201E-08
  1.1500E-01  3.7470E-06  3.6893E-06  8.5251E-08  0.0000E+00 -2.7568E-08
  1.2000E-01  3.7620E-06  3.7014E-06  8.2584E-08  0.0000E+00 -2.1924E-08
  1.2500E-01  3.7735E-06  3.7164E-06  7.4746E-08  0.0000E+00 -1.7720E-08
  1.3000E-01  3.7875E-06  3.7283E-06  7.3678E-08  0.0000E+00 -1.4417E-08
  1.3500E-01  3.7981E-06  3.7432E-06  6.6834E-08  0.0000E+00 -1.1946E-08
  1.4000E-01  3.8114E-06  3.7553E-06  6.6015E-08  0.0000E+00 -9.9943E-09
  1.4500E-01  3.8218E-06  3.7703E-06  5.9986E-08  0.0000E+00 -8.4993E-09
  1.5000E-01  3.8350E-06  3.7827E-06  5.9566E-08  0.0000E+00 -7.2623E-09
  1.5500E-01  3.8455E-06  3.7978E-06  5.4005E-08  0.0000E+00 -6.3046E-09
  1.6000E-01  3.8585E-06  3.8105E-06  5.3588E-08  0.0000E+00 -5.4972E-09
  1.6500E-01  3.8693E-06  3.8257E-06  4.8435E-08  0.0000E+00 -4.8612E-09
  1.7000E-01  3.8825E-06  3.8387E-06  4.8127E-08  0.0000E+00 -4.3023E-09
  1.7500E-01  3.8935E-06  3.8541E-06  4.3204E-08  0.0000E+00 -3.8606E-09
  1.8000E-01  3.9069E-06  3.8675E-06  4.2811E-08  0.0000E+00 -3.4634E-09
  1.8500E-01  3.9182E-06  3.8832E-06  3.8106E-08  0.0000E+00 -3.1470E-09
  1.9000E-01  3.9317E-06  3.8969E-06  3.7699E-08  0.0000E+00 -2.8559E-09
  1.9500E-01  3.9433E-06  3.9128E-06  3.3140E-08  0.0000E+00 -2.6273E-09
  2.0000E-01  3.9571E-06  3.9269E-06  3.2643E-08  0.0000E+00 -2.4145E-09
  2.0500E-01  3.9691E-06  3.9431E-06  2.8245E-08  0.0000E+00 -2.2468E-09
  2.1000E-01  3.9831E-06  3.9575E-06  2.7703E-08  0.0000E+00 -2.0936E-09
  2.1500E-01  3.9954E-06  3.9740E-06  2.3406E-08  0.0000E+00 -1.9785E-09
  2.2000E-01  4.0097E-06  3.9888E-06  2.2802E-08  0.0000E+00 -1.8723E-09
  2.2500E-01  4.0224E-06  4.0055E-06  1.8638E-08  0.0000E+00 -1.7967E-09
  2.3000E-01  4.0369E-06  4.0207E-06  1.7980E-08  0.0000E+00 -1.7318E-09
  2.3500E-01  4.0499E-06  4.0377E-06  1.3896E-08  0.0000E+00 -1.6944E-09
  2.4000E-01  4.0648E-06  4.0533E-06  1.3202E-08  0.0000E+00 -1.6653E-09
  2.4500E-01  4.0782E-06  4.0706E-06  9.2372E-09  0.0000E+00 -1.6569E-09
  2.5000E-01  4.0934E-06  4.0866E-06  8.5012E-09  0.0000E+00 -1.6595E-09
  2.5500E-01  4.1072E-06  4.1042E-06  4.6223E-09  0.0000E+00 -1.6825E-09
  2.6000E-01  4.1227E-06  4.1205E-06  3.8587E-09  0.0000E+00 -1.7153E-09
  2.6500E-01  4.1368E-06  4.1385E-06  8.4407E-11  0.0000E+00 -1.7630E-09
  2.7000E-01  4.1527E-06  4.1552E-06 -7.1053E-10  0.0000E+00 -1.8230E-09
  2.7500E-01  4.1673E-06  4.1735E-06 -4.3900E-09  0.0000E+00 -1.8977E-09
  2.8000E-01  4.1835E-06  4.1906E-06 -5.1786E-09  0.0000E+00 -1.9838E-09
  2.8500E-01  4.1984E-06  4.2093E-06 -8.7353E-09  0.0000E+00 -2.0813E-09
  2.9000E-01  4.2150E-06  4.2267E-06 -9.5205E-09  0.0000E+00 -2.1913E-09
  2.9500E-01  4.2304E-06  4.2457E-06 -1.2971E-08  0.0000E+00 -2.3122E-09
  3.0000E-01  4.2474E-06  4.2635E-06 -1.3735E-08  0.0000E+00 -2.4450E-09
  3.0500E-01  4.2632E-06  4.2828E-06 -1.7061E-08  0.0000E+00 -2.5842E-09
  3.1000E-01  4.2805E-06  4.3011E-06 -1.7814E-08  0.0000E+00 -2.7365E-09
  3.1500E-01  4.2968E-06  4.3207E-06 -2.1039E-08  0.0000E+00 -2.8952E-09
  3.2000E-01  4.3145E-06  4.3394E-06 -2.1757E-08  0.0000E+00 -3.0658E-09
  3.2500E-01  4.3313E-06  4.3593E-06 -2.4850E-08  0.0000E+00 -3.2393E-09
  3.3000E-01  4.3494E-06  4.3783E-06 -2.5527E-08  0.0000E+00 -3.4244E-09
  3.3500E-01  4.3666E-06  4.3987E-06 -2.8494E-08  0.0000E+00 -3.6127E-09
  3.4000E-01  4.3851E-06  4.4180E-06 -2.9098E-08  0.0000E+00 -3.8120E-09
  3.4500E-01  4.4028E-06  4.4387E-06 -3.1896E-08  0.0000E+00 -4.0076E-09
  3.5000E-01  4.4218E-06  4.4585E-06 -3.2424E-08  0.0000E+00 -4.2139E-09
  3.5500E-01  4.4400E-06  4.4794E-06 -3.5070E-08  0.0000E+00 -4.4183E-09
  3.6000E-01  4.4594E-06  4.4995E-06 -3.5503E-08  0.0000E+00 -4.6313E-09
  3.6500E-01  4.4780E-06  4.5209E-06 -3.7988E-08  0.0000E+00 -4.8403E-09
  3.7000E-01  4.4980E-06  4.5413E-06 -3.8332E-08  0.0000E+00 -5.0560E-09
  3.7500E-01  4.5171E-06  4.5630E-06 -4.0655E-08  0.0000E+00 -5.2662E-09
  3.8000E-01  4.5375E-06  4.5838E-06 -4.0889E-08  0.0000E+00 -5.4816E-09
  3.8500E-01  4.5571E-06  4.6058E-06 -4.3024E-08  0.0000E+00 -5.6872E-09
  3.9000E-01  4.5780E-06  4.6270E-06 -4.3134E-08  0.0000E+00 -5.8964E-09
  3.9500E-01  4.5981E-06  4.6493E-06 -4.5077E-08  0.0000E+00 -6.0954E-09
  4.0000E-01  4.6195E-06  4.6708E-06 -4.5041E-08  0.0000E+00 -6.2960E-09
  4.0500E-01  4.6402E-06  4.6934E-06 -4.6774E-08  0.0000E+00 -6.4840E-09
  4.1000E-01  4.6620E-06  4.7153E-06 -4.6588E-08  0.0000E+00 -6.6713E-09
  4.1500E-01  4.6832E-06  4.7382E-06 -4.8117E-08  0.0000E+00 -6.8446E-09
  4.2000E-01  4.7056E-06  4.7604E-06 -4.7774E-08  0.0000E+00 -7.0161E-09
  4.2500E-01  4.7274E-06  4.7836E-06 -4.9068E-08  0.0000E+00 -7.1686E-09
  4.3000E-01  4.7503E-06  4.8061E-06 -4.8543E-08  0.0000E+00 -7.3174E-09
  4.3500E-01  4.7726E-06  4.8297E-06 -4.9606E-08  0.0000E+00 -7.4485E-09
  4.4000E-01  4.7961E-06  4.8525E-06 -4.8893E-08  0.0000E+00 -7.5738E-09
  4.4500E-01  4.8190E-06  4.8763E-06 -4.9715E-08  0.0000E+00 -7.6802E-09
  4.5000E-01  4.8429E-06  4.8995E-06 -4.8804E-08  0.0000E+00 -7.7796E-09
  4.5500E-01  4.8664E-06  4.9236E-06 -4.9380E-08  0.0000E+00 -7.8599E-09
  4.6000E-01  4.8909E-06  4.9471E-06 -4.8274E-08  0.0000E+00 -7.9313E-09
  4.6500E-01  4.9150E-06  4.9716E-06 -4.8605E-08  0.0000E+00 -7.9807E-09
  4.7000E-01  4.9400E-06  4.9954E-06 -4.7303E-08  0.0000E+00 -8.0195E-09
  4.7500E-01  4.9647E-06  5.0201E-06 -4.7380E-08  0.0000E+00 -8.0392E-09
  4.8000E-01  4.9903E-06  5.0442E-06 -4.5862E-08  0.0000E+00 -8.0494E-09
  4.8500E-01  5.0155E-06  5.0692E-06 -4.5688E-08  0.0000E+00 -8.0397E-09
  4.9000E-01  5.0417E-06  5.0937E-06 -4.3960E-08  0.0000E+00 -8.0202E-09
  4.9500E-01  5.0675E-06  5.1190E-06 -4.3541E-08  0.0000E+00 -7.9818E-09
  5.0000E-01  5.0943E-06  5.1438E-06 -4.1619E-08  0.0000E+00 -7.9333E-09
  5.0500E-01  5.1207E-06  5.1695E-06 -4.0961E-08  0.0000E+00 -7.8673E-09
  5.1000E-01  5.1480E-06  5.1946E-06 -3.8846E-08  0.0000E+00 -7.7917E-09
  5.1500E-01  5.1750E-06  5.2206E-06 -3.7957E-08  0.0000E+00 -7.7006E-09
  5.2000E-01  5.2028E-06  5.2461E-06 -3.5654E-08  0.0000E+00 -7.6014E-09
  5.2500E-01  5.2304E-06  5.2724E-06 -3.4550E-08  0.0000E+00 -7.4886E-09
  5.3000E-01  5.2589E-06  5.2983E-06 -3.2064E-08  0.0000E+00 -7.3691E-09
  5.3500E-01  5.2870E-06  5.3250E-06 -3.0749E-08  0.0000E+00 -7.2384E-09
  5.4000E-01  5.3160E-06  5.3512E-06 -2.8110E-08  0.0000E+00 -7.1024E-09
  5.4500E-01  5.3447E-06  5.3783E-06 -2.6617E-08  0.0000E+00 -6.9580E-09
  5.5000E-01  5.3743E-06  5.4049E-06 -2.3843E-08  0.0000E+00 -6.8095E-09
  5.5500E-01  5.4035E-06  5.4324E-06 -2.2180E-08  0.0000E+00 -6.6556E-09
  5.6000E-01  5.4337E-06  5.4595E-06 -1.9284E-08  0.0000E+00 -6.4995E-09
  5.6500E-01  5.4635E-06  5.4873E-06 -1.7478E-08  0.0000E+00 -6.3405E-09
  5.7000E-01  5.4942E-06  5.5149E-06 -1.4476E-08  0.0000E+00 -6.1812E-09
  5.7500E-01  5.5247E-06  5.5432E-06 -1.2541E-08  0.0000E+00 -6.0214E-09
  5.8000E-01  5.5559E-06  5.5712E-06 -9.4672E-09  0.0000E+00 -5.8626E-09
  5.8500E-01  5.5869E-06  5.6001E-06 -7.4442E-09  0.0000E+00 -5.7058E-09
  5.9000E-01  5.6187E-06  5.6286E-06 -4.3230E-09  0.0000E+00 -5.5510E-09
  5.9500E-01  5.6503E-06  5.6579E-06 -2.2262E-09  0.0000E+00 -5.4005E-09
  6.0000E-01  5.6827E-06  5.6870E-06  9.1608E-10  0.0000E+00 -5.2534E-09
  6.0500E-01  5.7148E-06  5.7169E-06  3.0543E-09  0.0000E+00 -5.1122E-09
  6.1000E-01  5.7478E-06  5.7465E-06  6.2020E-09  0.0000E+00 -4.9752E-09
  6.1500E-01  5.7805E-06  5.7770E-06  8.3693E-09  0.0000E+00 -4.8451E-09
  6.2000E-01  5.8141E-06  5.8073E-06  1.1489E-08  0.0000E+00 -4.7196E-09
  6.2500E-01  5.8474E-06  5.8384E-06  1.3644E-08  0.0000E+00 -4.6027E-09
  6.3000E-01  5.8815E-06  5.8693E-06  1.6713E-08  0.0000E+00 -4.4901E-09
  6.3500E-01  5.9155E-06  5.9011E-06  1.8838E-08  0.0000E+00 -4.3867E-09
  6.4000E-01  5.9503E-06  5.9327E-06  2.1830E-08  0.0000E+00 -4.2875E-09
  6.4500E-01  5.9849E-06  5.9652E-06  2.3905E-08  0.0000E+00 -4.1981E-09
  6.5000E-01  6.0202E-06  5.9975E-06  2.6816E-08  0.0000E+00 -4.1129E-09
  6.5500E-01  6.0555E-06  6.0307E-06  2.8834E-08  0.0000E+00 -4.0375E-09
  6.6000E-01  6.0916E-06  6.0639E-06  3.1636E-08  0.0000E+00 -3.9658E-09
  6.6500E-01  6.1275E-06  6.0979E-06  3.3554E-08  0.0000E+00 -3.9010E-09
  6.7000E-01  6.1642E-06  6.1318E-06  3.6237E-08  0.0000E+00 -3.8388E-09
  6.7500E-01  6.2009E-06  6.1667E-06  3.8070E-08  0.0000E+00 -3.7862E-09
  6.8000E-01  6.2384E-06  6.2015E-06  4.0615E-08  0.0000E+00 -3.7355E-09
  6.8500E-01  6.2758E-06  6.2372E-06  4.2337E-08  0.0000E+00 -3.6921E-09
  6.9000E-01  6.3140E-06  6.2729E-06  4.4748E-08  0.0000E+00 -3.6496E-09
  6.9500E-01  6.3523E-06  6.3095E-06  4.6372E-08  0.0000E+00 -3.6150E-09
  7.0000E-01  6.3913E-06  6.3462E-06  4.8640E-08  0.0000E+00 -3.5802E-09
  7.0500E-01  6.4304E-06  6.3838E-06  5.0145E-08  0.0000E+00 -3.5511E-09
  7.1000E-01  6.4702E-06  6.4215E-06  5.2268E-08  0.0000E+00 -3.5209E-09
  7.1500E-01  6.5102E-06  6.4600E-06  5.3664E-08  0.0000E+00 -3.4974E-09
  7.2000E-01  6.5510E-06  6.4988E-06  5.5644E-08  0.0000E+00 -3.4721E-09
  7.2500E-01  6.5919E-06  6.5384E-06  5.6932E-08  0.0000E+00 -3.4516E-09
  7.3000E-01  6.6336E-06  6.5783E-06  5.8782E-08  0.0000E+00 -3.4288E-09
  7.3500E-01  6.6756E-06  6.6190E-06  5.9981E-08  0.0000E+00 -3.4117E-09
  7.4000E-01  6.7183E-06  6.6600E-06  6.1706E-08  0.0000E+00 -3.3923E-09
  7.4500E-01  6.7613E-06  6.7019E-06  6.2805E-08  0.0000E+00 -3.3749E-09
  7.5000E-01  6.8051E-06  6.7440E-06  6.4415E-08  0.0000E+00 -3.3545E-09
  7.5500E-01  6.8493E-06  6.7872E-06  6.5451E-08  0.0000E+00 -3.3397E-09
  7.6000E-01  6.8942E-06  6.8306E-06  6.6961E-08  0.0000E+00 -3.3222E-09
  7.6500E-01  6.9396E-06  6.8750E-06  6.7912E-08  0.0000E+00 -3.3053E-09
  7.7000E-01  6.9858E-06  6.9198E-06  6.9322E-08  0.0000E+00 -3.2850E-09
  7.7500E-01  7.0324E-06  6.9655E-06  7.0234E-08  0.0000E+00 -3.2694E-09
  7.8000E-01  7.0799E-06  7.0116E-06  7.1571E-08  0.0000E+00 -3.2505E-09
  7.8500E-01  7.1280E-06  7.0588E-06  7.2454E-08  0.0000E+00 -3.2350E-09
  7.9000E-01  7.1769E-06  7.1064E-06  7.3753E-08  0.0000E+00 -3.2160E-09
  7.9500E-01  7.2264E-06  7.1550E-06  7.4622E-08  0.0000E+00 -3.2007E-09
  8.0000E-01  7.2768E-06  7.2041E-06  7.5869E-08  0.0000E+00 -3.1821E-09
  8.0500E-01  7.3279E-06  7.2543E-06  7.6757E-08  0.0000E+00 -3.1666E-09
  8.1000E-01  7.3799E-06  7.3051E-06  7.8013E-08  0.0000E+00 -3.1482E-09
  8.1500E-01  7.4327E-06  7.3569E-06  7.8924E-08  0.0000E+00 -3.1336E-09
  8.2000E-01  7.4864E-06  7.4094E-06  8.0162E-08  0.0000E+00 -3.1164E-09
  8.2500E-01  7.5410E-06  7.4630E-06  8.1108E-08  0.0000E+00 -3.1015E-09
  8.3000E-01  7.5966E-06  7.5173E-06  8.2347E-08  0.0000E+00 -3.0839E-09
  8.3500E-01  7.6531E-06  7.5728E-06  8.3359E-08  0.0000E+00 -3.0704E-09
  8.4000E-01  7.7106E-06  7.6290E-06  8.4633E-08  0.0000E+00 -3.0548E-09
  8.4500E-01  7.7691E-06  7.6865E-06  8.5717E-08  0.0000E+00 -3.0423E-09
  8.5000E-01  7.8288E-06  7.7448E-06  8.7039E-08  0.0000E+00 -3.0280E-09
  8.5500E-01  7.8895E-06  7.8043E-06  8.8228E-08  0.0000E+00 -3.0179E-09
  8.6000E-01  7.9514E-06  7.8648E-06  8.9610E-08  0.0000E+00 -3.0062E-09
  8.6500E-01  8.0146E-06  7.9267E-06  9.0906E-08  0.0000E+00 -2.9978E-09
  8.7000E-01  8.0789E-06  7.9895E-06  9.2357E-08  0.0000E+00 -2.9882E-09
  8.7500E-01  8.1446E-06  8.0538E-06  9.3790E-08  0.0000E+00 -2.9827E-09
  8.8000E-01  8.2116E-06  8.1192E-06  9.5331E-08  0.0000E+00 -2.9761E-09
  8.8500E-01  8.2801E-06  8.1861E-06  9.6959E-08  0.0000E+00 -2.9754E-09
  8.9000E-01  8.3499E-06  8.2542E-06  9.8688E-08  0.0000E+00 -2.9748E-09
  8.9500E-01  8.4215E-06  8.3239E-06  1.0053E-07  0.0000E+00 -2.9787E-09
  9.0000E-01  8.4944E-06  8.3950E-06  1.0243E-07  0.0000E+00 -2.9827E-09
  9.0500E-01  8.5692E-06  8.4677E-06  1.0447E-07  0.0000E+00 -2.9901E-09
  9.1000E-01  8.6454E-06  8.5420E-06  1.0642E-07  0.0000E+00 -2.9967E-09
  9.1500E-01  8.7237E-06  8.6180E-06  1.0864E-07  0.0000E+00 -3.0069E-09
  9.2000E-01  8.8037E-06  8.6956E-06  1.1113E-07  0.0000E+00 -3.0224E-09
  9.2500E-01  8.8863E-06  8.7750E-06  1.1442E-07  0.0000E+00 -3.0550E-09
  9.3000E-01  8.9704E-06  8.8563E-06  1.1714E-07  0.0000E+00 -3.0800E-09
  9.3500E-01  9.0561E-06  8.9405E-06  1.1873E-07  0.0000E+00 -3.0895E-09
  9.4000E-01  9.1436E-06  9.0268E-06  1.1992E-07  0.0000E+00 -3.1014E-09
  9.4500E-01  9.2352E-06  9.1142E-06  1.2413E-07  0.0000E+00 -3.1461E-09
  9.5000E-01  9.3296E-06  9.2033E-06  1.2957E-07  0.0000E+00 -3.2047E-09
  9.5500E-01  9.4261E-06  9.2956E-06  1.3374E-07  0.0000E+00 -3.2475E-09
  9.6000E-01  9.5249E-06  9.3903E-06  1.3790E-07  0.0000E+00 -3.2784E-09
  9.6500E-01  9.6269E-06  9.4880E-06  1.4231E-07  0.0000E+00 -3.3263E-09
  9.7000E-01  9.7310E-06  9.5889E-06  1.4541E-07  0.0000E+00 -3.3366E-09
  9.7500E-01  9.8386E-06  9.6927E-06  1.4919E-07  0.0000E+00 -3.3159E-09
  9.8000E-01  9.9498E-06  9.7993E-06  1.5376E-07  0.0000E+00 -3.2759E-09
  9.8500E-01  1.0065E-05  9.9094E-06  1.5828E-07  0.0000E+00 -3.1718E-09
  9.9000E-01  1.0183E-05  1.0023E-05  1.6262E-07  0.0000E+00 -2.9751E-09
  9.9500E-01  1.0313E-05  1.0133E-05  1.8262E-07  0.0000E+00 -2.9660E-09
