        2  0.6441759782E-05  0.4381882028E-02  0.9275397004E+00  0.5193875327E+01  0.1175486233E+02
        3  0.1300678810E-04  0.9442075864E-02  0.9279802991E+00  0.5213772034E+01  0.1175486233E+02
        4  0.1878703527E-04  0.1336176858E-01  0.9286797859E+00  0.5227527804E+01  0.1175486233E+02
        5  0.2428846696E-04  0.1667477586E-01  0.9294507625E+00  0.5238727217E+01  0.1175486233E+02
        6  0.2953496114E-04  0.1959664630E-01  0.9302386863E+00  0.5248434098E+01  0.1175486233E+02
        7  0.3454086873E-04  0.2223965020E-01  0.9310448496E+00  0.5257116381E+01  0.1175486233E+02
        8  0.3945050644E-04  0.2467094646E-01  0.9318610297E+00  0.5265047907E+01  0.1175486233E+02
        9  0.4444928505E-04  0.2693442393E-01  0.9326865537E+00  0.5272396128E+01  0.1175486233E+02
       10  0.4931317707E-04  0.2906052504E-01  0.9335183580E+00  0.5279273929E+01  0.1175486233E+02
       11  0.5430644663E-04  0.3107174941E-01  0.9343563801E+00  0.5285761754E+01  0.1175486233E+02
       12  0.5946494827E-04  0.3298490484E-01  0.9351985811E+00  0.5291919061E+01  0.1175486233E+02
       13  0.6466955881E-04  0.3481311122E-01  0.9360451380E+00  0.5297791870E+01  0.1175486233E+02
       14  0.6984385535E-04  0.3656666391E-01  0.9368946141E+00  0.5303416192E+01  0.1175486233E+02
       15  0.7494451174E-04  0.3825402649E-01  0.9377473585E+00  0.5308821162E+01  0.1175486233E+02
       16  0.8042285206E-04  0.3988221638E-01  0.9386023213E+00  0.5314030440E+01  0.1175486233E+02
       17  0.8564596798E-04  0.4145705858E-01  0.9394599240E+00  0.5319063799E+01  0.1175486233E+02
       18  0.9040051175E-04  0.4298345298E-01  0.9403193446E+00  0.5323937790E+01  0.1175486233E+02
       19  0.9559685453E-04  0.4446564548E-01  0.9411810293E+00  0.5328666730E+01  0.1175486233E+02
       20  0.1010386286E-03  0.4590725358E-01  0.9420443239E+00  0.5333262587E+01  0.1175486233E+02
       21  0.1060164493E-03  0.4731142702E-01  0.9429096584E+00  0.5337735952E+01  0.1175486233E+02
       22  0.1110936651E-03  0.4868100592E-01  0.9437764725E+00  0.5342095982E+01  0.1175486233E+02
       23  0.1164679804E-03  0.5001836871E-01  0.9446451851E+00  0.5346350888E+01  0.1175486233E+02
       24  0.1213497409E-03  0.5132567480E-01  0.9455153227E+00  0.5350507720E+01  0.1175486233E+02
       25  0.1259753243E-03  0.5260491613E-01  0.9463872724E+00  0.5354572875E+01  0.1175486233E+02
       26  0.1310602662E-03  0.5385786550E-01  0.9472606436E+00  0.5358552135E+01  0.1175486233E+02
       27  0.1363383475E-03  0.5508598869E-01  0.9481357923E+00  0.5362450459E+01  0.1175486233E+02
       28  0.1408909822E-03  0.5629073440E-01  0.9490123307E+00  0.5366272613E+01  0.1175486233E+02
       29  0.1462704388E-03  0.5747340583E-01  0.9498906223E+00  0.5370022747E+01  0.1175486233E+02
       30  0.1504101024E-03  0.5863519487E-01  0.9507703379E+00  0.5373704672E+01  0.1175486233E+02
       31  0.1551387161E-03  0.5977713601E-01  0.9516518071E+00  0.5377321845E+01  0.1175486233E+02
       32  0.1603125580E-03  0.6090016361E-01  0.9525347180E+00  0.5380877471E+01  0.1175486233E+02
       33  0.1651422082E-03  0.6200530059E-01  0.9534193872E+00  0.5384374455E+01  0.1175486233E+02
       34  0.1698834549E-03  0.6309332917E-01  0.9543055352E+00  0.5387815494E+01  0.1175486233E+02
       35  0.1744496449E-03  0.6416502952E-01  0.9551934554E+00  0.5391203084E+01  0.1175486233E+02
       36  0.1789297434E-03  0.6522110021E-01  0.9560828814E+00  0.5394539527E+01  0.1175486233E+02
       37  0.1834025297E-03  0.6626221372E-01  0.9569740953E+00  0.5397826944E+01  0.1175486233E+02
       38  0.1883703139E-03  0.6728898369E-01  0.9578668533E+00  0.5401067323E+01  0.1175486233E+02
       39  0.1930409066E-03  0.6830199129E-01  0.9587614195E+00  0.5404262513E+01  0.1175486233E+02
       40  0.1974405155E-03  0.6930177846E-01  0.9596575621E+00  0.5407414234E+01  0.1175486233E+02
       41  0.2013086191E-03  0.7028885739E-01  0.9605555342E+00  0.5410524092E+01  0.1175486233E+02
       42  0.2061549130E-03  0.7126368368E-01  0.9614551199E+00  0.5413593640E+01  0.1175486233E+02
       43  0.2103838731E-03  0.7222670846E-01  0.9623565574E+00  0.5416624228E+01  0.1175486233E+02
       44  0.2149898204E-03  0.7317836536E-01  0.9632596428E+00  0.5419617231E+01  0.1175486233E+02
       45  0.2193477656E-03  0.7411903871E-01  0.9641646044E+00  0.5422577341E+01  0.1175486233E+02
       46  0.2233546117E-03  0.7504910303E-01  0.9650712496E+00  0.5425509284E+01  0.1175486233E+02
       47  0.2278165632E-03  0.7596890755E-01  0.9659797955E+00  0.5428410638E+01  0.1175486233E+02
       48  0.2320544306E-03  0.7687878088E-01  0.9668900603E+00  0.5431281477E+01  0.1175486233E+02
       49  0.2360267553E-03  0.7777901623E-01  0.9678022532E+00  0.5434122288E+01  0.1175486233E+02
       50  0.2398635641E-03  0.7866998598E-01  0.9687162002E+00  0.5436933763E+01  0.1175486233E+02
       51  0.2440278357E-03  0.7955194520E-01  0.9696321004E+00  0.5439716463E+01  0.1175486233E+02
       52  0.2478710563E-03  0.8042512981E-01  0.9705497909E+00  0.5442471146E+01  0.1175486233E+02
       53  0.2522094726E-03  0.8128976828E-01  0.9714694633E+00  0.5445198494E+01  0.1175486233E+02
       54  0.2561943783E-03  0.8214615961E-01  0.9723909609E+00  0.5447899238E+01  0.1175486233E+02
       55  0.2598441878E-03  0.8299454433E-01  0.9733144676E+00  0.5450573881E+01  0.1175486233E+02
       56  0.2641855403E-03  0.8383511210E-01  0.9742398359E+00  0.5453223148E+01  0.1175486233E+02
       57  0.2679675068E-03  0.8466808862E-01  0.9751672420E+00  0.5455847652E+01  0.1175486233E+02
       58  0.2717404381E-03  0.8549366035E-01  0.9760965435E+00  0.5458448036E+01  0.1175486233E+02
       59  0.2753330047E-03  0.8631205257E-01  0.9770279096E+00  0.5461024769E+01  0.1175486233E+02
       60  0.2790926723E-03  0.8712342378E-01  0.9779612058E+00  0.5463578463E+01  0.1175486233E+02
       61  0.2827718369E-03  0.8792796854E-01  0.9788965951E+00  0.5466109649E+01  0.1175486233E+02
       62  0.2863794931E-03  0.8872583854E-01  0.9798339475E+00  0.5468618904E+01  0.1175486233E+02
       63  0.2900769147E-03  0.8951720856E-01  0.9807734200E+00  0.5471106590E+01  0.1175486233E+02
       64  0.2933607553E-03  0.9030224342E-01  0.9817148902E+00  0.5473573261E+01  0.1175486233E+02
       65  0.2968795535E-03  0.9108107641E-01  0.9826585094E+00  0.5476019374E+01  0.1175486233E+02
       66  0.3006105431E-03  0.9185386022E-01  0.9836041589E+00  0.5478445424E+01  0.1175486233E+02
       67  0.3033122677E-03  0.9262079653E-01  0.9845519842E+00  0.5480851749E+01  0.1175486233E+02
       68  0.3073654635E-03  0.9338189397E-01  0.9855018728E+00  0.5483238824E+01  0.1175486233E+02
       69  0.3107935043E-03  0.9413733112E-01  0.9864539649E+00  0.5485607052E+01  0.1175486233E+02
       70  0.3140287266E-03  0.9488724379E-01  0.9874081507E+00  0.5487956893E+01  0.1175486233E+02
       71  0.3168623046E-03  0.9563176307E-01  0.9883645649E+00  0.5490288600E+01  0.1175486233E+02
       72  0.3206090898E-03  0.9637088152E-01  0.9893231037E+00  0.5492602629E+01  0.1175486233E+02
       73  0.3235224352E-03  0.9710493103E-01  0.9902838967E+00  0.5494899339E+01  0.1175486233E+02
       74  0.3265605536E-03  0.9783390765E-01  0.9912468431E+00  0.5497179093E+01  0.1175486233E+02
       75  0.3290782737E-03  0.9855797672E-01  0.9922120686E+00  0.5499442212E+01  0.1175486233E+02
       76  0.3323200046E-03  0.9927714332E-01  0.9931794770E+00  0.5501689043E+01  0.1175486233E+02
       77  0.3357514302E-03  0.9999150371E-01  0.9941491895E+00  0.5503919903E+01  0.1175486233E+02
       78  0.3385751450E-03  0.1007011797E+00  0.9951211124E+00  0.5506135120E+01  0.1175486233E+02
       79  0.3412506167E-03  0.1014063204E+00  0.9960953625E+00  0.5508334986E+01  0.1175486233E+02
       80  0.3447674260E-03  0.1021068801E+00  0.9970718503E+00  0.5510519822E+01  0.1175486233E+02
       81  0.3467773490E-03  0.1028032928E+00  0.9980506881E+00  0.5512689918E+01  0.1175486233E+02
       82  0.3501246730E-03  0.1034952514E+00  0.9990317887E+00  0.5514845566E+01  0.1175486233E+02
       83  0.3519011608E-03  0.1041828285E+00  0.1000015261E+01  0.5516987044E+01  0.1175486233E+02
       84  0.3555659271E-03  0.1048661209E+00  0.1001001021E+01  0.5519114632E+01  0.1175486233E+02
       85  0.3592798384E-03  0.1055452920E+00  0.1001989175E+01  0.5521228592E+01  0.1175486233E+02
       86  0.3612308036E-03  0.1062205284E+00  0.1002979640E+01  0.5523329164E+01  0.1175486233E+02
       87  0.3638991069E-03  0.1068917859E+00  0.1003972519E+01  0.5525416665E+01  0.1175486233E+02
       88  0.3662722880E-03  0.1075591765E+00  0.1004967732E+01  0.5527491316E+01  0.1175486233E+02
       89  0.3691080989E-03  0.1082227005E+00  0.1005965379E+01  0.5529553348E+01  0.1175486233E+02
       90  0.3716045718E-03  0.1088824599E+00  0.1006965382E+01  0.5531603001E+01  0.1175486233E+02
       91  0.3727000439E-03  0.1095386168E+00  0.1007967838E+01  0.5533640493E+01  0.1175486233E+02
       92  0.3762655733E-03  0.1101910383E+00  0.1008972672E+01  0.5535666047E+01  0.1175486233E+02
       93  0.3783337798E-03  0.1108399818E+00  0.1009979977E+01  0.5537679863E+01  0.1175486233E+02
       94  0.3809477040E-03  0.1114853828E+00  0.1010989682E+01  0.5539682103E+01  0.1175486233E+02
       95  0.3840780868E-03  0.1121272435E+00  0.1012001877E+01  0.5541673107E+01  0.1175486233E+02
       96  0.3855640566E-03  0.1127658126E+00  0.1013016493E+01  0.5543653014E+01  0.1175486233E+02
       97  0.3886303561E-03  0.1134009106E+00  0.1014033616E+01  0.5545621990E+01  0.1175486233E+02
       98  0.3904927241E-03  0.1140327770E+00  0.1015053181E+01  0.5547580210E+01  0.1175486233E+02
       99  0.3927084942E-03  0.1146613881E+00  0.1016075272E+01  0.5549527828E+01  0.1175486233E+02
      100  0.3947807370E-03  0.1152868038E+00  0.1017099826E+01  0.5551465004E+01  0.1175486233E+02
      101  0.3974235905E-03  0.1159089905E+00  0.1018126924E+01  0.5553391884E+01  0.1175486233E+02
      102  0.3985677985E-03  0.1165281818E+00  0.1019156507E+01  0.5555308569E+01  0.1175486233E+02
      103  0.4010608818E-03  0.1171442450E+00  0.1020188655E+01  0.5557215277E+01  0.1175486233E+02
      104  0.4038029470E-03  0.1177572454E+00  0.1021223308E+01  0.5559112099E+01  0.1175486233E+02
      105  0.4052159033E-03  0.1183673614E+00  0.1022260546E+01  0.5560999164E+01  0.1175486233E+02
      106  0.4076882646E-03  0.1189745434E+00  0.1023300313E+01  0.5562876592E+01  0.1175486233E+02
      107  0.4098655277E-03  0.1195787496E+00  0.1024342685E+01  0.5564744508E+01  0.1175486233E+02
      108  0.4117298025E-03  0.1201801548E+00  0.1025387611E+01  0.5566603021E+01  0.1175486233E+02
      109  0.4132436497E-03  0.1207787575E+00  0.1026435164E+01  0.5568452237E+01  0.1175486233E+02
      110  0.4163738498E-03  0.1213745333E+00  0.1027485295E+01  0.5570292167E+01  0.1175486233E+02
      111  0.4191233328E-03  0.1219675751E+00  0.1028538078E+01  0.5572123086E+01  0.1175486233E+02
      112  0.4207949585E-03  0.1225579516E+00  0.1029593467E+01  0.5573945003E+01  0.1175486233E+02
      113  0.4225811331E-03  0.1231456364E+00  0.1030651533E+01  0.5575758019E+01  0.1175486233E+02
      114  0.4240849364E-03  0.1237307100E+00  0.1031712233E+01  0.5577562210E+01  0.1175486233E+02
      115  0.4265041164E-03  0.1243131783E+00  0.1032775639E+01  0.5579357693E+01  0.1175486233E+02
      116  0.4285105445E-03  0.1248930891E+00  0.1033841709E+01  0.5581144535E+01  0.1175486233E+02
      117  0.4305149907E-03  0.1254704755E+00  0.1034910514E+01  0.5582922823E+01  0.1175486233E+02
      118  0.4323624367E-03  0.1260453699E+00  0.1035982017E+01  0.5584692576E+01  0.1175486233E+02
      119  0.4345754379E-03  0.1266178001E+00  0.1037056288E+01  0.5586454039E+01  0.1175486233E+02
      120  0.4362215695E-03  0.1271877562E+00  0.1038133292E+01  0.5588207232E+01  0.1175486233E+02
      121  0.4383287507E-03  0.1277553306E+00  0.1039213099E+01  0.5589952245E+01  0.1175486233E+02
      122  0.4402923564E-03  0.1283205320E+00  0.1040295677E+01  0.5591689139E+01  0.1175486233E+02
      123  0.4415900231E-03  0.1288833541E+00  0.1041381096E+01  0.5593418024E+01  0.1175486233E+02
      124  0.4438739081E-03  0.1294439165E+00  0.1042469327E+01  0.5595138955E+01  0.1175486233E+02
      125  0.4467082188E-03  0.1300021985E+00  0.1043560439E+01  0.5596852012E+01  0.1175486233E+02
      126  0.4481805097E-03  0.1305581798E+00  0.1044654407E+01  0.5598557245E+01  0.1175486233E+02
      127  0.4495126785E-03  0.1311119138E+00  0.1045751300E+01  0.5600288601E+01  0.1175486233E+02
      128  0.4514655930E-03  0.1316634207E+00  0.1046851094E+01  0.5602185174E+01  0.1175486233E+02
      129  0.4558739114E-03  0.1322127444E+00  0.1047953860E+01  0.5604076609E+01  0.1175486233E+02
      130  0.4576114064E-03  0.1327598342E+00  0.1049059578E+01  0.5605962774E+01  0.1175486233E+02
      131  0.4598917186E-03  0.1333048521E+00  0.1050168316E+01  0.5607843662E+01  0.1175486233E+02
      132  0.4629440185E-03  0.1338477689E+00  0.1051280059E+01  0.5609719184E+01  0.1175486233E+02
      133  0.4647139796E-03  0.1343884350E+00  0.1052394874E+01  0.5611589270E+01  0.1175486233E+02
      134  0.4669433932E-03  0.1349272025E+00  0.1053512749E+01  0.5613453770E+01  0.1175486233E+02
      135  0.4692177092E-03  0.1354639174E+00  0.1054633752E+01  0.5615312782E+01  0.1175486233E+02
      136  0.4712655338E-03  0.1359986056E+00  0.1055757873E+01  0.5617166146E+01  0.1175486233E+02
      137  0.4727599550E-03  0.1365312799E+00  0.1056885181E+01  0.5619013808E+01  0.1175486233E+02
      138  0.4751065118E-03  0.1370619952E+00  0.1058015669E+01  0.5620855676E+01  0.1175486233E+02
      139  0.4777188560E-03  0.1375907420E+00  0.1059149405E+01  0.5622691792E+01  0.1175486233E+02
      140  0.4801090487E-03  0.1381175772E+00  0.1060286384E+01  0.5624522070E+01  0.1175486233E+02
      141  0.4826640188E-03  0.1386424711E+00  0.1061426676E+01  0.5626346469E+01  0.1175486233E+02
      142  0.4850693710E-03  0.1391655016E+00  0.1062570279E+01  0.5628164951E+01  0.1175486233E+02
      143  0.4870206351E-03  0.1396866198E+00  0.1063717261E+01  0.5629977486E+01  0.1175486233E+02
      144  0.4892822521E-03  0.1402058697E+00  0.1064867625E+01  0.5631784052E+01  0.1175486233E+02
      145  0.4919654369E-03  0.1407232871E+00  0.1066021438E+01  0.5633584623E+01  0.1175486233E+02
      146  0.4948179049E-03  0.1412390530E+00  0.1067178706E+01  0.5635379191E+01  0.1175486233E+02
      147  0.4975045208E-03  0.1417528481E+00  0.1068339497E+01  0.5637167725E+01  0.1175486233E+02
      148  0.5000090590E-03  0.1422648390E+00  0.1069503819E+01  0.5638950217E+01  0.1175486233E+02
      149  0.5028160899E-03  0.1427750730E+00  0.1070671741E+01  0.5640726652E+01  0.1175486233E+02
      150  0.5057426780E-03  0.1432835612E+00  0.1071843272E+01  0.5642497040E+01  0.1175486233E+02
      151  0.5063034784E-03  0.1437902285E+00  0.1073018483E+01  0.5644261272E+01  0.1175486233E+02
      152  0.5120219708E-03  0.1442952466E+00  0.1074197386E+01  0.5646019370E+01  0.1175486233E+02
      153  0.5157381930E-03  0.1447985680E+00  0.1075380051E+01  0.5647771329E+01  0.1175486233E+02
      154  0.5177059735E-03  0.1453002012E+00  0.1076566495E+01  0.5649517180E+01  0.1175486233E+02
      155  0.5223069384E-03  0.1458001830E+00  0.1077756788E+01  0.5651256776E+01  0.1175486233E+02
      156  0.5256613329E-03  0.1462984913E+00  0.1078950949E+01  0.5652990159E+01  0.1175486233E+02
      157  0.5272616389E-03  0.1467951461E+00  0.1080149050E+01  0.5654717298E+01  0.1175486233E+02
      158  0.5306017404E-03  0.1472901930E+00  0.1081351112E+01  0.5656438227E+01  0.1175486233E+02
      159  0.5341022240E-03  0.1477836164E+00  0.1082557209E+01  0.5658152926E+01  0.1175486233E+02
      160  0.5377059754E-03  0.1482754625E+00  0.1083767365E+01  0.5659861418E+01  0.1175486233E+02
      161  0.5404605856E-03  0.1487657216E+00  0.1084981654E+01  0.5661563640E+01  0.1175486233E+02
      162  0.5442411760E-03  0.1492544018E+00  0.1086200106E+01  0.5663259624E+01  0.1175486233E+02
      163  0.5487453275E-03  0.1497415505E+00  0.1087422795E+01  0.5664949340E+01  0.1175486233E+02
      164  0.5503288999E-03  0.1502271351E+00  0.1088649754E+01  0.5666632815E+01  0.1175486233E+02
      165  0.5536763871E-03  0.1507111955E+00  0.1089881060E+01  0.5668309989E+01  0.1175486233E+02
      166  0.5585466202E-03  0.1511938632E+00  0.1091116749E+01  0.5669980890E+01  0.1175486233E+02
      167  0.5632716672E-03  0.1516748947E+00  0.1092356900E+01  0.5671645439E+01  0.1175486233E+02
      168  0.5656973067E-03  0.1521544553E+00  0.1093601554E+01  0.5673303675E+01  0.1175486233E+02
      169  0.5676164378E-03  0.1526325346E+00  0.1094850792E+01  0.5674955547E+01  0.1175486233E+02
      170  0.5737675364E-03  0.1531091421E+00  0.1096104659E+01  0.5676601095E+01  0.1175486233E+02
      171  0.5778739655E-03  0.1535843180E+00  0.1097363239E+01  0.5678240231E+01  0.1175486233E+02
      172  0.5817901152E-03  0.1540580673E+00  0.1098626583E+01  0.5679872997E+01  0.1175486233E+02
      173  0.5870779822E-03  0.1545302794E+00  0.1099894776E+01  0.5681499334E+01  0.1175486233E+02
      174  0.5904914273E-03  0.1550011497E+00  0.1101167876E+01  0.5683119272E+01  0.1175486233E+02
      175  0.5952319607E-03  0.1554706254E+00  0.1102445971E+01  0.5684732742E+01  0.1175486233E+02
      176  0.6002318044E-03  0.1559386974E+00  0.1103729124E+01  0.5686339776E+01  0.1175486233E+02
      177  0.6048871653E-03  0.1564053854E+00  0.1105017428E+01  0.5687940314E+01  0.1175486233E+02
      178  0.6100475856E-03  0.1568706470E+00  0.1106310952E+01  0.5689534398E+01  0.1175486233E+02
      179  0.6143520203E-03  0.1573345381E+00  0.1107609794E+01  0.5691121917E+01  0.1175486233E+02
      180  0.6204945321E-03  0.1577971443E+00  0.1108914028E+01  0.5692702905E+01  0.1175486233E+02
      181  0.6255354133E-03  0.1582584214E+00  0.1110223757E+01  0.5694277293E+01  0.1175486233E+02
      182  0.6296030180E-03  0.1587186897E+00  0.1111539064E+01  0.5695845096E+01  0.1175486233E+02
      183  0.6364059285E-03  0.1591772974E+00  0.1112860057E+01  0.5697406262E+01  0.1175486233E+02
      184  0.6406924770E-03  0.1596346170E+00  0.1114186831E+01  0.5698960813E+01  0.1175486233E+02
      185  0.6459236640E-03  0.1600905963E+00  0.1115519499E+01  0.5700508677E+01  0.1175486233E+02
      186  0.6533426193E-03  0.1605452781E+00  0.1116858152E+01  0.5702049903E+01  0.1175486233E+02
      187  0.6580842033E-03  0.1609986320E+00  0.1118202900E+01  0.5703584332E+01  0.1175486233E+02
      188  0.6638054298E-03  0.1614507648E+00  0.1119553867E+01  0.5705111999E+01  0.1175486233E+02
      189  0.6719119103E-03  0.1619016667E+00  0.1120911237E+01  0.5706632829E+01  0.1175486233E+02
      190  0.6756987824E-03  0.1623512638E+00  0.1122275140E+01  0.5708146822E+01  0.1175486233E+02
      191  0.6822584379E-03  0.1627996776E+00  0.1123645637E+01  0.5709653957E+01  0.1175486233E+02
      192  0.6882784259E-03  0.1632468225E+00  0.1125022812E+01  0.5711154256E+01  0.1175486233E+02
      193  0.6940141828E-03  0.1636926996E+00  0.1126406879E+01  0.5712647635E+01  0.1175486233E+02
      194  0.6984207202E-03  0.1641373840E+00  0.1127797975E+01  0.5714134195E+01  0.1175486233E+02
      195  0.7056078906E-03  0.1645808548E+00  0.1129196286E+01  0.5715613713E+01  0.1175486233E+02
      196  0.7102374945E-03  0.1650232189E+00  0.1130602018E+01  0.5717086215E+01  0.1175486233E+02
      197  0.7171448462E-03  0.1654642177E+00  0.1132015338E+01  0.5718551794E+01  0.1175486233E+02
      198  0.7228892079E-03  0.1659041827E+00  0.1133436409E+01  0.5720010474E+01  0.1175486233E+02
      199  0.7289895123E-03  0.1663428499E+00  0.1134865439E+01  0.5721462497E+01  0.1175486233E+02
      200  0.7343141822E-03  0.1667802963E+00  0.1136302647E+01  0.5722908143E+01  0.1175486233E+02
      201  0.7413618874E-03  0.1672166047E+00  0.1137747725E+01  0.5724348174E+01  0.1175486233E+02
