      1     69     16  16698      0      1  16698   0.64417598D-05
     79    341     85   2387      0      1   2387   0.34476743D-03
     25     38      9    950      0      1    950   0.13106027D-03
     10    137     32    548      0      1    548   0.54306447D-04
     95    154     39    770      0      1    770   0.38556406D-03
     82      4      1  65524    400     26  10400   0.35190116D-03
    123    165     43    495      0      1    990   0.44387391D-03
     44    307     74   2456      0      1   2456   0.21934777D-03
     64    346     85  25604    692      2   1384   0.29687955D-03
     20    140     33    420      0      1    840   0.10601645D-03
    153    431    116  24998    431      2    862   0.51770597D-03
     49    128     31    896      0      1    896   0.23986356D-03
     60    237     58   2607      0      1   2607   0.28277184D-03
    182    381    106  12192      0      1  12192   0.63640593D-03
    159    203     55    812      0      1    812   0.53770598D-03
     80      4      1    512      0      1    512   0.34677735D-03
     35    205     49   1230      0      1   1230   0.17892974D-03
     83      4      1    996      0      1    996   0.35556593D-03
     39    471    113   2826      0      1   2826   0.19744052D-03
      2    125     29   1500      0      1   1500   0.13006788D-04
     45    315     76   1260      0      1   1260   0.22335461D-03
     68    369     91   2583      0      1   2583   0.31079350D-03
    109    109     28    872      0      1    872   0.41637385D-03
    104     90     23   1080      0      1   1080   0.40521590D-03
    139     83     22    996      0      1    996   0.48010905D-03
    174    410    113   1230      0      1   1230   0.59523196D-03
     65     61     15  27328    427      3   1281   0.30061054D-03
     97    465    118  14415      0      1  14415   0.39049272D-03
    129     61     16    488      0      1    976   0.45761141D-03
    199     88     25    704      0      1    704   0.73431418D-03
    149    362     97    362      0      1    724   0.50574268D-03
     50     33      8   1848      0      1   1848   0.24402784D-03
     40    279     67    558      0      1    558   0.20130862D-03
      3     56     13    616      0      1    616   0.18787035D-04
     84    499    125    499      0      1    998   0.35927984D-03
    132     19      5    874      0      1    874   0.46471398D-03
    164    356     97   1424      0      1   1424   0.55367639D-03
    144    409    109   1227      0      1   1227   0.49196544D-03
    190     89     25    890      0      1    890   0.68225844D-03
    169    489    134    489      0      1    978   0.57376754D-03
    114    244     63   1220      0      1   1220   0.42650412D-03
    154    193     52    386      0      1    772   0.52230694D-03
    194    209     59   1881      0      1   1881   0.70560789D-03
     55    427    104   9394      0      1   9394   0.26418554D-03
    183    219     61    438      0      1    876   0.64069248D-03
    160    306     83    612      0      1    612   0.54046059D-03
     69    397     98   3573      0      1   3573   0.31402873D-03
    150     41     11    615      0      1    615   0.50630348D-03
      4    241     56   1687      0      1   1687   0.24288467D-04
    124     23      6   2116      0      1   2116   0.44670822D-03
    118     27      7   7695      0      1   7695   0.43457544D-03
    130    259     68    518      0      1    518   0.45989172D-03
     85    335     84   2010      0      1   2010   0.36123080D-03
    200    225     64    450      0      1    900   0.74136189D-03
    175    482    133   1446      0      1   1446   0.60023180D-03
    145     15      4    510      0      1    510   0.49481790D-03
    133    243     64    972      0      1    972   0.46694339D-03
    105     43     11   2064      0      1   2064   0.40768826D-03
    165     11      3   1749      0      1   1749   0.55854662D-03
    195     46     13    506      0      1    506   0.71023749D-03
    184    251     70    753      0      1    753   0.64592366D-03
    110     35      9   3395      0      1   3395   0.41912333D-03
    170    113     31   1921      0      1   1921   0.57787397D-03
    119    131     34    786      0      1    786   0.43622157D-03
    125    448    117    448      0      1    896   0.44818051D-03
     70    344     85   1376      0      1   1376   0.31686230D-03
    115    325     84   2600      0      1   2600   0.42851054D-03
     98    311     79   6531      0      1   6531   0.39270849D-03
     28    459    109  19278      0      1  19278   0.14627044D-03
    185    154     43    924      0      1    924   0.65334262D-03
    140    407    108   5698      0      1   5698   0.48266402D-03
     29    122     29    610      0      1    610   0.15041010D-03
     99    468    119   1404      0      1   1404   0.39478074D-03
    134    421    111   4631      0      1   4631   0.46921771D-03
    179    101     28  12625      0      1  12625   0.62049453D-03
    155    152     41   7296      0      1   7296   0.52566133D-03
     30    269     64    538      0      1    538   0.15513872D-03
    100     55     14   1320      0      1   1320   0.39742359D-03
    180    245     68    735      0      1    735   0.62553541D-03
    120    204     53   7548      0      1   7548   0.43832875D-03
    135    269     71   3497      0      1   3497   0.47126553D-03
      5     43     10  15179      0      1  15179   0.29534961D-04
