  00001  00000
  -1.786062500000E+005
   0.000000000000E+000
  00001  00000
  -1.786062500000E+005
   7.417171911240E-003
  00001  00000
  -1.742500000000E+005
   0.000000000000E+000
  00001  00000
  -1.742500000000E+005
   6.661512199527E-003
  00001  00000
   0.000000000000E+000
   2.386463987883E-002
  00001  00000
   7.080363653872E-003
   0.000000000000E+000
  00001  00000
   7.080363653872E-003
   2.890071357868E-002
  00001  00000
   0.000000000000E+000
   6.076377127506E-001
  00001  00000
   0.000000000000E+000
   9.400817673468E-003
  00001  00000
   0.000000000000E+000
   5.986133569431E-003
