0 203.093
0.00334448 205.256
0.00668896 207.306
0.0100334 209.247
0.0133779 211.077
0.0167224 212.801
0.0200669 214.423
0.0234114 215.946
0.0267559 217.375
0.0301003 218.712
0.0334448 219.963
0.0367893 221.132
0.0401338 222.225
0.0434783 223.249
0.0468227 224.208
0.0501672 225.108
0.0535117 225.955
0.0568562 226.752
0.0602007 227.502
0.0635452 228.208
0.0668896 228.874
0.0702341 229.502
0.0735786 230.096
0.0769231 230.655
0.0802676 231.183
0.083612 231.681
0.0869565 232.149
0.090301 232.588
0.0936455 233.002
0.09699 233.392
0.100334 233.761
0.103679 234.114
0.107023 234.453
0.110368 234.781
0.113712 235.101
0.117057 235.411
0.120401 235.711
0.123746 236
0.12709 236.275
0.130435 236.536
0.133779 236.782
0.137124 237.015
0.140468 237.237
0.143813 237.449
0.147157 237.654
0.150502 237.854
0.153846 238.049
0.157191 238.241
0.160535 238.428
0.16388 238.61
0.167224 238.787
0.170569 238.958
0.173913 239.124
0.177258 239.284
0.180602 239.439
0.183946 239.59
0.187291 239.737
0.190635 239.88
0.19398 240.02
0.197324 240.154
0.200669 240.282
0.204013 240.403
0.207358 240.514
0.210702 240.615
0.214047 240.705
0.217391 240.787
0.220736 240.865
0.22408 240.941
0.227425 241.02
0.230769 241.103
0.234114 241.193
0.237458 241.288
0.240803 241.386
0.244147 241.484
0.247492 241.58
0.250836 241.672
0.254181 241.759
0.257525 241.839
0.26087 241.915
0.264214 241.984
0.267559 242.048
0.270903 242.107
0.274247 242.16
0.277592 242.209
0.280936 242.254
0.284281 242.297
0.287625 242.337
0.29097 242.375
0.294314 242.413
0.297659 242.451
0.301003 242.491
0.304348 242.534
0.307692 242.58
0.311037 242.632
0.314381 242.688
0.317726 242.747
0.32107 242.806
0.324415 242.863
0.327759 242.914
0.331104 242.958
0.334448 242.993
0.337793 243.02
0.341137 243.04
0.344482 243.054
0.347826 243.063
0.351171 243.067
0.354515 243.069
0.35786 243.068
0.361204 243.067
0.364548 243.067
0.367893 243.068
0.371237 243.072
0.374582 243.079
0.377926 243.089
0.381271 243.099
0.384615 243.11
0.38796 243.119
0.391304 243.125
0.394649 243.129
0.397993 243.133
0.401338 243.137
0.404682 243.144
0.408027 243.155
0.411371 243.173
0.414716 243.197
0.41806 243.225
0.421405 243.254
0.424749 243.282
0.428094 243.306
0.431438 243.324
0.434783 243.336
0.438127 243.341
0.441472 243.341
0.444816 243.336
0.448161 243.329
0.451505 243.318
0.454849 243.307
0.458194 243.296
0.461538 243.289
0.464883 243.286
0.468227 243.29
0.471572 243.303
0.474916 243.325
0.478261 243.355
0.481605 243.389
0.48495 243.428
0.488294 243.468
0.491639 243.507
0.494983 243.546
0.498328 243.582
0.501672 243.615
0.505017 243.644
0.508361 243.668
0.511706 243.687
0.51505 243.701
0.518395 243.71
0.521739 243.716
0.525084 243.719
0.528428 243.721
0.531773 243.723
0.535117 243.725
0.538462 243.728
0.541806 243.732
0.545151 243.738
0.548495 243.747
0.551839 243.758
0.555184 243.772
0.558528 243.786
0.561873 243.8
0.565217 243.81
0.568562 243.815
0.571906 243.814
0.575251 243.807
0.578595 243.796
0.58194 243.784
0.585284 243.773
0.588629 243.764
0.591973 243.762
0.595318 243.764
0.598662 243.77
0.602007 243.776
0.605351 243.781
0.608696 243.783
0.61204 243.778
0.615385 243.768
0.618729 243.754
0.622074 243.738
0.625418 243.721
0.628763 243.706
0.632107 243.693
0.635452 243.682
0.638796 243.672
0.64214 243.66
0.645485 243.646
0.648829 243.627
0.652174 243.602
0.655518 243.571
0.658863 243.536
0.662207 243.5
0.665552 243.463
0.668896 243.429
0.672241 243.398
0.675585 243.37
0.67893 243.346
0.682274 243.322
0.685619 243.3
0.688963 243.276
0.692308 243.251
0.695652 243.224
0.698997 243.195
0.702341 243.165
0.705686 243.133
0.70903 243.1
0.712375 243.065
0.715719 243.03
0.719064 242.993
0.722408 242.954
0.725753 242.914
0.729097 242.872
0.732441 242.828
0.735786 242.783
0.73913 242.737
0.742475 242.692
0.745819 242.648
0.749164 242.606
0.752508 242.567
0.755853 242.531
0.759197 242.497
0.762542 242.464
0.765886 242.431
0.769231 242.399
0.772575 242.366
0.77592 242.332
0.779264 242.3
0.782609 242.271
0.785953 242.245
0.789298 242.225
0.792642 242.211
0.795987 242.204
0.799331 242.204
0.802676 242.212
0.80602 242.228
0.809365 242.253
0.812709 242.286
0.816054 242.327
0.819398 242.374
0.822742 242.427
0.826087 242.484
0.829431 242.543
0.832776 242.604
0.83612 242.666
0.839465 242.73
0.842809 242.795
0.846154 242.861
0.849498 242.929
0.852843 242.999
0.856187 243.069
0.859532 243.141
0.862876 243.213
0.866221 243.284
0.869565 243.355
0.87291 243.424
0.876254 243.491
0.879599 243.557
0.882943 243.622
0.886288 243.685
0.889632 243.747
0.892977 243.807
0.896321 243.865
0.899666 243.922
0.90301 243.978
0.906355 244.032
0.909699 244.084
0.913043 244.136
0.916388 244.185
0.919732 244.233
0.923077 244.279
0.926421 244.323
0.929766 244.364
0.93311 244.403
0.936455 244.439
0.939799 244.472
0.943144 244.502
0.946488 244.528
0.949833 244.55
0.953177 244.567
0.956522 244.578
0.959866 244.58
0.963211 244.57
0.966555 244.548
0.9699 244.51
0.973244 244.453
0.976589 244.379
0.979933 244.284
0.983278 244.17
0.986622 244.034
0.989967 243.878
0.993311 243.699
0.996656 243.498
1 243.274
