0 185.05
0.00334448 183.891
0.00668896 182.921
0.0100334 182.144
0.0133779 181.567
0.0167224 181.194
0.0200669 181.031
0.0234114 181.082
0.0267559 181.354
0.0301003 181.85
0.0334448 182.565
0.0367893 183.454
0.0401338 184.461
0.0434783 185.533
0.0468227 186.615
0.0501672 187.651
0.0535117 188.602
0.0568562 189.476
0.0602007 190.292
0.0635452 191.07
0.0668896 191.828
0.0702341 192.586
0.0735786 193.359
0.0769231 194.143
0.0802676 194.934
0.083612 195.725
0.0869565 196.51
0.090301 197.285
0.0936455 198.045
0.09699 198.79
0.100334 199.521
0.103679 200.239
0.107023 200.945
0.110368 201.639
0.113712 202.322
0.117057 202.994
0.120401 203.655
0.123746 204.303
0.12709 204.937
0.130435 205.558
0.133779 206.165
0.137124 206.758
0.140468 207.337
0.143813 207.902
0.147157 208.453
0.150502 208.992
0.153846 209.516
0.157191 210.028
0.160535 210.526
0.16388 211.01
0.167224 211.48
0.170569 211.936
0.173913 212.378
0.177258 212.805
0.180602 213.219
0.183946 213.619
0.187291 214.005
0.190635 214.378
0.19398 214.737
0.197324 215.083
0.200669 215.417
0.204013 215.737
0.207358 216.044
0.210702 216.339
0.214047 216.621
0.217391 216.89
0.220736 217.148
0.22408 217.393
0.227425 217.627
0.230769 217.849
0.234114 218.06
0.237458 218.259
0.240803 218.448
0.244147 218.625
0.247492 218.792
0.250836 218.949
0.254181 219.095
0.257525 219.231
0.26087 219.358
0.264214 219.475
0.267559 219.583
0.270903 219.681
0.274247 219.771
0.277592 219.852
0.280936 219.924
0.284281 219.987
0.287625 220.041
0.29097 220.087
0.294314 220.123
0.297659 220.151
0.301003 220.17
0.304348 220.183
0.307692 220.189
0.311037 220.189
0.314381 220.182
0.317726 220.169
0.32107 220.151
0.324415 220.125
0.327759 220.093
0.331104 220.054
0.334448 220.007
0.337793 219.954
0.341137 219.895
0.344482 219.828
0.347826 219.756
0.351171 219.678
0.354515 219.593
0.35786 219.503
0.361204 219.407
0.364548 219.306
0.367893 219.2
0.371237 219.088
0.374582 218.971
0.377926 218.849
0.381271 218.722
0.384615 218.591
0.38796 218.454
0.391304 218.312
0.394649 218.166
0.397993 218.015
0.401338 217.858
0.404682 217.697
0.408027 217.531
0.411371 217.361
0.414716 217.185
0.41806 217.005
0.421405 216.82
0.424749 216.63
0.428094 216.436
0.431438 216.237
0.434783 216.034
0.438127 215.827
0.441472 215.615
0.444816 215.4
0.448161 215.179
0.451505 214.955
0.454849 214.726
0.458194 214.493
0.461538 214.257
0.464883 214.015
0.468227 213.77
0.471572 213.521
0.474916 213.268
0.478261 213.011
0.481605 212.75
0.48495 212.486
0.488294 212.218
0.491639 211.946
0.494983 211.671
0.498328 211.391
0.501672 211.108
0.505017 210.822
0.508361 210.53
0.511706 210.235
0.51505 209.936
0.518395 209.632
0.521739 209.324
0.525084 209.013
0.528428 208.697
0.531773 208.378
0.535117 208.056
0.538462 207.73
0.541806 207.401
0.545151 207.068
0.548495 206.733
0.551839 206.396
0.555184 206.055
0.558528 205.712
0.561873 205.366
0.565217 205.016
0.568562 204.663
0.571906 204.305
0.575251 203.944
0.578595 203.579
0.58194 203.21
0.585284 202.838
0.588629 202.462
0.591973 202.083
0.595318 201.7
0.598662 201.314
0.602007 200.926
0.605351 200.535
0.608696 200.141
0.61204 199.746
0.615385 199.348
0.618729 198.948
0.622074 198.546
0.625418 198.142
0.628763 197.734
0.632107 197.325
0.635452 196.912
0.638796 196.496
0.64214 196.078
0.645485 195.657
0.648829 195.233
0.652174 194.806
0.655518 194.376
0.658863 193.944
0.662207 193.509
0.665552 193.073
0.668896 192.636
0.672241 192.197
0.675585 191.757
0.67893 191.317
0.682274 190.875
0.685619 190.432
0.688963 189.988
0.692308 189.544
0.695652 189.098
0.698997 188.651
0.702341 188.203
0.705686 187.753
0.70903 187.301
0.712375 186.848
0.715719 186.394
0.719064 185.94
0.722408 185.487
0.725753 185.037
0.729097 184.591
0.732441 184.15
0.735786 183.711
0.73913 183.272
0.742475 182.826
0.745819 182.372
0.749164 181.905
0.752508 181.422
0.755853 180.932
0.759197 180.452
0.762542 179.996
0.765886 179.58
0.769231 179.22
0.772575 178.928
0.77592 178.7
0.779264 178.52
0.782609 178.374
0.785953 178.247
0.789298 178.126
0.792642 177.996
0.795987 177.868
0.799331 177.759
0.802676 177.685
0.80602 177.666
0.809365 177.718
0.812709 177.856
0.816054 178.072
0.819398 178.35
0.822742 178.673
0.826087 179.024
0.829431 179.385
0.832776 179.742
0.83612 180.092
0.839465 180.435
0.842809 180.774
0.846154 181.111
0.849498 181.446
0.852843 181.781
0.856187 182.116
0.859532 182.452
0.862876 182.786
0.866221 183.119
0.869565 183.45
0.87291 183.778
0.876254 184.105
0.879599 184.43
0.882943 184.754
0.886288 185.078
0.889632 185.402
0.892977 185.725
0.896321 186.05
0.899666 186.375
0.90301 186.7
0.906355 187.026
0.909699 187.353
0.913043 187.68
0.916388 188.004
0.919732 188.324
0.923077 188.636
0.926421 188.937
0.929766 189.223
0.93311 189.494
0.936455 189.748
0.939799 189.984
0.943144 190.204
0.946488 190.407
0.949833 190.593
0.953177 190.764
0.956522 190.926
0.959866 191.087
0.963211 191.257
0.966555 191.445
0.9699 191.657
0.973244 191.902
0.976589 192.182
0.979933 192.499
0.983278 192.852
0.986622 193.243
0.989967 193.674
0.993311 194.144
0.996656 194.653
1 195.202
