0 0
0.0208333 9.69885
0.0416667 19.3875
0.0625 29.0664
0.0833333 38.7361
0.104167 48.3965
0.125 58.0477
0.145833 67.6892
0.166667 77.3202
0.1875 86.9399
0.208333 96.5472
0.229167 106.141
0.25 115.72
0.270833 125.283
0.291667 134.828
0.3125 144.356
0.333333 153.864
0.354167 163.352
0.375 172.819
0.395833 182.263
0.416667 191.684
0.4375 201.081
0.458333 210.454
0.479167 219.8
0.5 229.12
0.520833 238.413
0.541667 247.677
0.5625 256.913
0.583333 266.12
0.604167 275.297
0.625 284.443
0.645833 293.56
0.666667 302.646
0.6875 311.702
0.708333 320.728
0.729167 329.724
0.75 338.69
0.770833 347.628
0.791667 356.538
0.8125 365.42
0.833333 374.277
0.854167 383.11
0.875 391.919
0.895833 400.707
0.916667 409.475
0.9375 418.225
0.958333 426.958
0.979167 435.678
1 444.386

0 0.00312304
0.00334448 1.55995
0.00668896 3.11659
0.0100334 4.67303
0.0133779 6.22929
0.0167224 7.78535
0.0200669 9.34122
0.0234114 10.8969
0.0267559 12.4524
0.0301003 14.0076
0.0334448 15.5627
0.0367893 17.1176
0.0401338 18.6723
0.0434783 20.2268
0.0468227 21.781
0.0501672 23.3351
0.0535117 24.889
0.0568562 26.4426
0.0602007 27.9961
0.0635452 29.5493
0.0668896 31.1023
0.0702341 32.6551
0.0735786 34.2077
0.0769231 35.76
0.0802676 37.3122
0.083612 38.8641
0.0869565 40.4157
0.090301 41.9672
0.0936455 43.5184
0.09699 45.0694
0.100334 46.6201
0.103679 48.1706
0.107023 49.7209
0.110368 51.2709
0.113712 52.8206
0.117057 54.3701
0.120401 55.9193
0.123746 57.4683
0.12709 59.0171
0.130435 60.5655
0.133779 62.1137
0.137124 63.6616
0.140468 65.2093
0.143813 66.7566
0.147157 68.3037
0.150502 69.8505
0.153846 71.397
0.157191 72.9432
0.160535 74.4891
0.16388 76.0348
0.167224 77.5801
0.170569 79.1251
0.173913 80.6698
0.177258 82.2142
0.180602 83.7582
0.183946 85.302
0.187291 86.8454
0.190635 88.3885
0.19398 89.9312
0.197324 91.4737
0.200669 93.0157
0.204013 94.5575
0.207358 96.0989
0.210702 97.6399
0.214047 99.1806
0.217391 100.721
0.220736 102.261
0.22408 103.8
0.227425 105.34
0.230769 106.878
0.234114 108.417
0.237458 109.955
0.240803 111.493
0.244147 113.03
0.247492 114.567
0.250836 116.103
0.254181 117.639
0.257525 119.175
0.26087 120.71
0.264214 122.245
0.267559 123.779
0.270903 125.313
0.274247 126.847
0.277592 128.38
0.280936 129.912
0.284281 131.445
0.287625 132.976
0.29097 134.508
0.294314 136.038
0.297659 137.569
0.301003 139.099
0.304348 140.628
0.307692 142.157
0.311037 143.685
0.314381 145.213
0.317726 146.741
0.32107 148.268
0.324415 149.794
0.327759 151.32
0.331104 152.846
0.334448 154.371
0.337793 155.895
0.341137 157.419
0.344482 158.942
0.347826 160.465
0.351171 161.987
0.354515 163.509
0.35786 165.03
0.361204 166.551
0.364548 168.071
0.367893 169.591
0.371237 171.11
0.374582 172.628
0.377926 174.146
0.381271 175.663
0.384615 177.18
0.38796 178.696
0.391304 180.211
0.394649 181.726
0.397993 183.241
0.401338 184.754
0.404682 186.268
0.408027 187.78
0.411371 189.292
0.414716 190.803
0.41806 192.314
0.421405 193.824
0.424749 195.333
0.428094 196.842
0.431438 198.35
0.434783 199.858
0.438127 201.365
0.441472 202.871
0.444816 204.377
0.448161 205.881
0.451505 207.386
0.454849 208.889
0.458194 210.392
0.461538 211.895
0.464883 213.396
0.468227 214.897
0.471572 216.397
0.474916 217.897
0.478261 219.396
0.481605 220.894
0.48495 222.391
0.488294 223.888
0.491639 225.384
0.494983 226.88
0.498328 228.374
0.501672 229.868
0.505017 231.362
0.508361 232.854
0.511706 234.346
0.51505 235.837
0.518395 237.328
0.521739 238.817
0.525084 240.306
0.528428 241.794
0.531773 243.282
0.535117 244.769
0.538462 246.255
0.541806 247.74
0.545151 249.224
0.548495 250.708
0.551839 252.191
0.555184 253.674
0.558528 255.155
0.561873 256.636
0.565217 258.116
0.568562 259.595
0.571906 261.074
0.575251 262.552
0.578595 264.029
0.58194 265.505
0.585284 266.98
0.588629 268.455
0.591973 269.929
0.595318 271.402
0.598662 272.875
0.602007 274.346
0.605351 275.817
0.608696 277.287
0.61204 278.756
0.615385 280.225
0.618729 281.693
0.622074 283.16
0.625418 284.626
0.628763 286.091
0.632107 287.556
0.635452 289.02
0.638796 290.483
0.64214 291.945
0.645485 293.407
0.648829 294.868
0.652174 296.328
0.655518 297.787
0.658863 299.245
0.662207 300.703
0.665552 302.16
0.668896 303.616
0.672241 305.071
0.675585 306.526
0.67893 307.979
0.682274 309.432
0.685619 310.885
0.688963 312.336
0.692308 313.787
0.695652 315.236
0.698997 316.686
0.702341 318.134
0.705686 319.581
0.70903 321.028
0.712375 322.474
0.715719 323.92
0.719064 325.364
0.722408 326.808
0.725753 328.251
0.729097 329.693
0.732441 331.134
0.735786 332.575
0.73913 334.015
0.742475 335.454
0.745819 336.893
0.749164 338.331
0.752508 339.768
0.755853 341.204
0.759197 342.639
0.762542 344.074
0.765886 345.508
0.769231 346.941
0.772575 348.374
0.77592 349.806
0.779264 351.237
0.782609 352.668
0.785953 354.097
0.789298 355.526
0.792642 356.955
0.795987 358.382
0.799331 359.809
0.802676 361.236
0.80602 362.661
0.809365 364.086
0.812709 365.51
0.816054 366.934
0.819398 368.357
0.822742 369.779
0.826087 371.201
0.829431 372.621
0.832776 374.042
0.83612 375.461
0.839465 376.88
0.842809 378.299
0.846154 379.717
0.849498 381.134
0.852843 382.55
0.856187 383.966
0.859532 385.382
0.862876 386.796
0.866221 388.21
0.869565 389.624
0.87291 391.037
0.876254 392.449
0.879599 393.861
0.882943 395.273
0.886288 396.683
0.889632 398.094
0.892977 399.503
0.896321 400.913
0.899666 402.321
0.90301 403.73
0.906355 405.137
0.909699 406.544
0.913043 407.951
0.916388 409.357
0.919732 410.763
0.923077 412.169
0.926421 413.573
0.929766 414.978
0.93311 416.382
0.936455 417.785
0.939799 419.189
0.943144 420.591
0.946488 421.994
0.949833 423.396
0.953177 424.797
0.956522 426.199
0.959866 427.6
0.963211 429
0.966555 430.4
0.9699 431.8
0.973244 433.2
0.976589 434.599
0.979933 435.998
0.983278 437.397
0.986622 438.795
0.989967 440.194
0.993311 441.592
0.996656 442.989
1 444.387
