0 0
0.005 3.91386
0.01 7.82772
0.015 11.7415
0.02 15.6552
0.025 19.5689
0.03 23.4825
0.035 27.396
0.04 31.3094
0.045 35.2227
0.05 39.136
0.055 43.0492
0.06 46.9623
0.065 50.8753
0.07 54.7883
0.075 58.7011
0.08 62.6139
0.085 66.5267
0.09 70.4394
0.095 74.3519
0.1 78.2645
0.105 82.1769
0.11 86.0893
0.115 90.0016
0.12 93.9138
0.125 97.826
0.13 101.738
0.135 105.65
0.14 109.562
0.145 113.474
0.15 117.386
0.155 121.298
0.16 125.209
0.165 129.121
0.17 133.033
0.175 136.944
0.18 140.856
0.185 144.767
0.19 148.678
0.195 152.59
0.2 156.501
0.205 160.412
0.21 164.323
0.215 168.234
0.22 172.145
0.225 176.056
0.23 179.967
0.235 183.878
0.24 187.789
0.245 191.7
0.25 195.611
0.255 199.521
0.26 203.432
0.265 207.342
0.27 211.253
0.275 215.163
0.28 219.074
0.285 222.984
0.29 226.895
0.295 230.805
0.3 234.715
0.305 238.625
0.31 242.536
0.315 246.446
0.32 250.356
0.325 254.266
0.33 258.176
0.335 262.086
0.34 265.996
0.345 269.906
0.35 273.816
0.355 277.726
0.36 281.635
0.365 285.545
0.37 289.455
0.375 293.365
0.38 297.274
0.385 301.184
0.39 305.094
0.395 309.003
0.4 312.913
0.405 316.822
0.41 320.732
0.415 324.641
0.42 328.551
0.425 332.46
0.43 336.369
0.435 340.279
0.44 344.188
0.445 348.097
0.45 352.007
0.455 355.916
0.46 359.825
0.465 363.734
0.47 367.643
0.475 371.553
0.48 375.462
0.485 379.371
0.49 383.28
0.495 387.189
0.5 391.098
0.505 395.007
0.51 398.916
0.515 402.825
0.52 406.734
0.525 410.643
0.53 414.552
0.535 418.461
0.54 422.37
0.545 426.279
0.55 430.187
0.555 434.096
0.56 438.005
0.565 441.914
0.57 445.823
0.575 449.731
0.58 453.64
0.585 457.549
0.59 461.458
0.595 465.366
0.6 469.275
0.605 473.184
0.61 477.092
0.615 481.001
0.62 484.91
0.625 488.818
0.63 492.727
0.635 496.635
0.64 500.544
0.645 504.452
0.65 508.361
0.655 512.269
0.66 516.178
0.665 520.086
0.67 523.995
0.675 527.903
0.68 531.812
0.685 535.72
0.69 539.629
0.695 543.537
0.7 547.446
0.705 551.354
0.71 555.262
0.715 559.171
0.72 563.079
0.725 566.987
0.73 570.896
0.735 574.804
0.74 578.712
0.745 582.621
0.75 586.529
0.755 590.437
0.76 594.345
0.765 598.253
0.77 602.162
0.775 606.07
0.78 609.978
0.785 613.886
0.79 617.794
0.795 621.702
0.8 625.611
0.805 629.519
0.81 633.427
0.815 637.335
0.82 641.243
0.825 645.151
0.83 649.059
0.835 652.967
0.84 656.875
0.845 660.783
0.85 664.691
0.855 668.598
0.86 672.506
0.865 676.414
0.87 680.322
0.875 684.23
0.88 688.137
0.885 692.045
0.89 695.953
0.895 699.861
0.9 703.768
0.905 707.676
0.91 711.584
0.915 715.491
0.92 719.399
0.925 723.306
0.93 727.214
0.935 731.121
0.94 735.028
0.945 738.936
0.95 742.843
0.955 746.75
0.96 750.657
0.965 754.565
0.97 758.472
0.975 762.379
0.98 766.286
0.985 770.193
0.99 774.1
0.995 778.007
1 781.914

0 -0.000232524
0.00334448 2.61784
0.00668896 5.23587
0.0100334 7.85387
0.0133779 10.4718
0.0167224 13.0897
0.0200669 15.7076
0.0234114 18.3255
0.0267559 20.9433
0.0301003 23.561
0.0334448 26.1788
0.0367893 28.7965
0.0401338 31.4141
0.0434783 34.0318
0.0468227 36.6494
0.0501672 39.2669
0.0535117 41.8844
0.0568562 44.5019
0.0602007 47.1194
0.0635452 49.7368
0.0668896 52.3542
0.0702341 54.9715
0.0735786 57.5888
0.0769231 60.2061
0.0802676 62.8234
0.083612 65.4406
0.0869565 68.0578
0.090301 70.6749
0.0936455 73.292
0.09699 75.9091
0.100334 78.5262
0.103679 81.1432
0.107023 83.7602
0.110368 86.3772
0.113712 88.9941
0.117057 91.611
0.120401 94.2279
0.123746 96.8447
0.12709 99.4615
0.130435 102.078
0.133779 104.695
0.137124 107.312
0.140468 109.928
0.143813 112.545
0.147157 115.162
0.150502 117.778
0.153846 120.395
0.157191 123.011
0.160535 125.628
0.16388 128.245
0.167224 130.861
0.170569 133.477
0.173913 136.094
0.177258 138.71
0.180602 141.327
0.183946 143.943
0.187291 146.559
0.190635 149.176
0.19398 151.792
0.197324 154.408
0.200669 157.024
0.204013 159.64
0.207358 162.257
0.210702 164.873
0.214047 167.489
0.217391 170.105
0.220736 172.721
0.22408 175.337
0.227425 177.953
0.230769 180.569
0.234114 183.185
0.237458 185.801
0.240803 188.417
0.244147 191.033
0.247492 193.649
0.250836 196.265
0.254181 198.88
0.257525 201.496
0.26087 204.112
0.264214 206.728
0.267559 209.343
0.270903 211.959
0.274247 214.575
0.277592 217.191
0.280936 219.806
0.284281 222.422
0.287625 225.038
0.29097 227.653
0.294314 230.269
0.297659 232.884
0.301003 235.5
0.304348 238.115
0.307692 240.731
0.311037 243.346
0.314381 245.962
0.317726 248.577
0.32107 251.193
0.324415 253.808
0.327759 256.424
0.331104 259.039
0.334448 261.655
0.337793 264.27
0.341137 266.885
0.344482 269.501
0.347826 272.116
0.351171 274.731
0.354515 277.346
0.35786 279.962
0.361204 282.577
0.364548 285.192
0.367893 287.807
0.371237 290.423
0.374582 293.038
0.377926 295.653
0.381271 298.268
0.384615 300.883
0.38796 303.498
0.391304 306.113
0.394649 308.729
0.397993 311.344
0.401338 313.959
0.404682 316.574
0.408027 319.189
0.411371 321.804
0.414716 324.419
0.41806 327.034
0.421405 329.649
0.424749 332.264
0.428094 334.879
0.431438 337.494
0.434783 340.109
0.438127 342.724
0.441472 345.339
0.444816 347.954
0.448161 350.568
0.451505 353.183
0.454849 355.798
0.458194 358.413
0.461538 361.028
0.464883 363.643
0.468227 366.258
0.471572 368.872
0.474916 371.487
0.478261 374.102
0.481605 376.717
0.48495 379.332
0.488294 381.946
0.491639 384.561
0.494983 387.176
0.498328 389.791
0.501672 392.405
0.505017 395.02
0.508361 397.635
0.511706 400.25
0.51505 402.864
0.518395 405.479
0.521739 408.094
0.525084 410.708
0.528428 413.323
0.531773 415.938
0.535117 418.552
0.538462 421.167
0.541806 423.782
0.545151 426.396
0.548495 429.011
0.551839 431.625
0.555184 434.24
0.558528 436.855
0.561873 439.469
0.565217 442.084
0.568562 444.698
0.571906 447.313
0.575251 449.927
0.578595 452.542
0.58194 455.156
0.585284 457.771
0.588629 460.386
0.591973 463
0.595318 465.615
0.598662 468.229
0.602007 470.844
0.605351 473.458
0.608696 476.073
0.61204 478.687
0.615385 481.301
0.618729 483.916
0.622074 486.53
0.625418 489.145
0.628763 491.759
0.632107 494.374
0.635452 496.988
0.638796 499.603
0.64214 502.217
0.645485 504.831
0.648829 507.446
0.652174 510.06
0.655518 512.675
0.658863 515.289
0.662207 517.903
0.665552 520.518
0.668896 523.132
0.672241 525.747
0.675585 528.361
0.67893 530.975
0.682274 533.59
0.685619 536.204
0.688963 538.818
0.692308 541.433
0.695652 544.047
0.698997 546.661
0.702341 549.276
0.705686 551.89
0.70903 554.504
0.712375 557.118
0.715719 559.733
0.719064 562.347
0.722408 564.961
0.725753 567.576
0.729097 570.19
0.732441 572.804
0.735786 575.418
0.73913 578.033
0.742475 580.647
0.745819 583.261
0.749164 585.875
0.752508 588.489
0.755853 591.104
0.759197 593.718
0.762542 596.332
0.765886 598.946
0.769231 601.56
0.772575 604.175
0.77592 606.789
0.779264 609.403
0.782609 612.017
0.785953 614.631
0.789298 617.245
0.792642 619.86
0.795987 622.474
0.799331 625.088
0.802676 627.702
0.80602 630.316
0.809365 632.93
0.812709 635.544
0.816054 638.158
0.819398 640.772
0.822742 643.386
0.826087 646
0.829431 648.614
0.832776 651.228
0.83612 653.842
0.839465 656.456
0.842809 659.07
0.846154 661.684
0.849498 664.298
0.852843 666.912
0.856187 669.526
0.859532 672.14
0.862876 674.754
0.866221 677.368
0.869565 679.982
0.87291 682.596
0.876254 685.21
0.879599 687.824
0.882943 690.438
0.886288 693.052
0.889632 695.665
0.892977 698.279
0.896321 700.893
0.899666 703.507
0.90301 706.121
0.906355 708.734
0.909699 711.348
0.913043 713.962
0.916388 716.576
0.919732 719.189
0.923077 721.803
0.926421 724.417
0.929766 727.031
0.93311 729.644
0.936455 732.258
0.939799 734.872
0.943144 737.485
0.946488 740.099
0.949833 742.712
0.953177 745.326
0.956522 747.939
0.959866 750.553
0.963211 753.167
0.966555 755.78
0.9699 758.393
0.973244 761.007
0.976589 763.62
0.979933 766.234
0.983278 768.847
0.986622 771.461
0.989967 774.074
0.993311 776.687
0.996656 779.301
1 781.914
