0 0
0.00333333 1.60177
0.00666667 3.2047
0.01 4.8088
0.0133333 6.41408
0.0166667 8.02054
0.02 9.62819
0.0233333 11.237
0.0266667 12.8471
0.03 14.4583
0.0333333 16.0707
0.0366667 17.6843
0.04 19.2992
0.0433333 20.9152
0.0466667 22.5325
0.05 24.151
0.0533333 25.7707
0.0566667 27.3916
0.06 29.0137
0.0633333 30.6371
0.0666667 32.2617
0.07 33.8875
0.0733333 35.5146
0.0766667 37.1429
0.08 38.7724
0.0833333 40.4032
0.0866667 42.0352
0.09 43.6684
0.0933333 45.3029
0.0966667 46.9387
0.1 48.5756
0.103333 50.2139
0.106667 51.8534
0.11 53.4941
0.113333 55.1361
0.116667 56.7793
0.12 58.4239
0.123333 60.0696
0.126667 61.7167
0.13 63.365
0.133333 65.0145
0.136667 66.6654
0.14 68.3175
0.143333 69.9709
0.146667 71.6256
0.15 73.2815
0.153333 74.9388
0.156667 76.5973
0.16 78.2571
0.163333 79.9182
0.166667 81.5806
0.17 83.2443
0.173333 84.9093
0.176667 86.5756
0.18 88.2432
0.183333 89.9121
0.186667 91.5823
0.19 93.2539
0.193333 94.9268
0.196667 96.601
0.2 98.2765
0.203333 99.9534
0.206667 101.632
0.21 103.311
0.213333 104.992
0.216667 106.674
0.22 108.358
0.223333 110.043
0.226667 111.729
0.23 113.417
0.233333 115.106
0.236667 116.796
0.24 118.488
0.243333 120.181
0.246667 121.875
0.25 123.571
0.253333 125.269
0.256667 126.967
0.26 128.668
0.263333 130.369
0.266667 132.072
0.27 133.776
0.273333 135.482
0.276667 137.189
0.28 138.898
0.283333 140.608
0.286667 142.32
0.29 144.033
0.293333 145.747
0.296667 147.463
0.3 149.18
0.303333 150.899
0.306667 152.619
0.31 154.341
0.313333 156.065
0.316667 157.789
0.32 159.516
0.323333 161.244
0.326667 162.973
0.33 164.704
0.333333 166.436
0.336667 168.17
0.34 169.905
0.343333 171.643
0.346667 173.381
0.35 175.121
0.353333 176.863
0.356667 178.606
0.36 180.351
0.363333 182.098
0.366667 183.846
0.37 185.595
0.373333 187.347
0.376667 189.1
0.38 190.854
0.383333 192.61
0.386667 194.368
0.39 196.128
0.393333 197.889
0.396667 199.652
0.4 201.416
0.403333 203.182
0.406667 204.95
0.41 206.72
0.413333 208.491
0.416667 210.264
0.42 212.039
0.423333 213.816
0.426667 215.594
0.43 217.374
0.433333 219.156
0.436667 220.94
0.44 222.725
0.443333 224.512
0.446667 226.301
0.45 228.092
0.453333 229.885
0.456667 231.679
0.46 233.476
0.463333 235.274
0.466667 237.074
0.47 238.876
0.473333 240.68
0.476667 242.486
0.48 244.294
0.483333 246.104
0.486667 247.915
0.49 249.729
0.493333 251.544
0.496667 253.362
0.5 255.182
0.503333 257.003
0.506667 258.827
0.51 260.653
0.513333 262.48
0.516667 264.31
0.52 266.142
0.523333 267.976
0.526667 269.812
0.53 271.65
0.533333 273.49
0.536667 275.333
0.54 277.177
0.543333 279.024
0.546667 280.873
0.55 282.724
0.553333 284.578
0.556667 286.433
0.56 288.291
0.563333 290.151
0.566667 292.014
0.57 293.878
0.573333 295.746
0.576667 297.615
0.58 299.487
0.583333 301.361
0.586667 303.237
0.59 305.116
0.593333 306.997
0.596667 308.881
0.6 310.767
0.603333 312.656
0.606667 314.547
0.61 316.441
0.613333 318.337
0.616667 320.236
0.62 322.137
0.623333 324.041
0.626667 325.948
0.63 327.857
0.633333 329.769
0.636667 331.684
0.64 333.601
0.643333 335.521
0.646667 337.444
0.65 339.369
0.653333 341.297
0.656667 343.228
0.66 345.162
0.663333 347.099
0.666667 349.039
0.67 350.981
0.673333 352.927
0.676667 354.875
0.68 356.827
0.683333 358.781
0.686667 360.739
0.69 362.7
0.693333 364.663
0.696667 366.63
0.7 368.6
0.703333 370.573
0.706667 372.55
0.71 374.529
0.713333 376.512
0.716667 378.498
0.72 380.488
0.723333 382.481
0.726667 384.477
0.73 386.476
0.733333 388.48
0.736667 390.486
0.74 392.496
0.743333 394.51
0.746667 396.527
0.75 398.548
0.753333 400.573
0.756667 402.601
0.76 404.633
0.763333 406.669
0.766667 408.709
0.77 410.752
0.773333 412.8
0.776667 414.851
0.78 416.907
0.783333 418.966
0.786667 421.029
0.79 423.097
0.793333 425.169
0.796667 427.245
0.8 429.325
0.803333 431.41
0.806667 433.498
0.81 435.592
0.813333 437.69
0.816667 439.792
0.82 441.899
0.823333 444.01
0.826667 446.126
0.83 448.247
0.833333 450.373
0.836667 452.503
0.84 454.638
0.843333 456.779
0.846667 458.924
0.85 461.075
0.853333 463.23
0.856667 465.391
0.86 467.557
0.863333 469.729
0.866667 471.906
0.87 474.088
0.873333 476.276
0.876667 478.47
0.88 480.669
0.883333 482.875
0.886667 485.086
0.89 487.303
0.893333 489.526
0.896667 491.756
0.9 493.992
0.903333 496.234
0.906667 498.482
0.91 500.738
0.913333 502.999
0.916667 505.268
0.92 507.543
0.923333 509.826
0.926667 512.115
0.93 514.412
0.933333 516.716
0.936667 519.028
0.94 521.347
0.943333 523.674
0.946667 526.009
0.95 528.352
0.953333 530.704
0.956667 533.063
0.96 535.431
0.963333 537.808
0.966667 540.194
0.97 542.588
0.973333 544.992
0.976667 547.406
0.98 549.829
0.983333 552.261
0.986667 554.704
0.99 557.157
0.993333 559.621
0.996667 562.096
1 564.581

0 0.0283493
0.00334448 1.63044
0.00668896 3.23415
0.0100334 4.83944
0.0133779 6.4463
0.0167224 8.05472
0.0200669 9.66468
0.0234114 11.2762
0.0267559 12.8891
0.0301003 14.5036
0.0334448 16.1196
0.0367893 17.737
0.0401338 19.3559
0.0434783 20.9762
0.0468227 22.5979
0.0501672 24.221
0.0535117 25.8456
0.0568562 27.4715
0.0602007 29.0988
0.0635452 30.7275
0.0668896 32.3576
0.0702341 33.989
0.0735786 35.6217
0.0769231 37.2558
0.0802676 38.8913
0.083612 40.528
0.0869565 42.1661
0.090301 43.8055
0.0936455 45.4461
0.09699 47.0881
0.100334 48.7314
0.103679 50.376
0.107023 52.0218
0.110368 53.669
0.113712 55.3174
0.117057 56.9671
0.120401 58.6181
0.123746 60.2704
0.12709 61.9239
0.130435 63.5787
0.133779 65.2348
0.137124 66.8921
0.140468 68.5507
0.143813 70.2106
0.147157 71.8717
0.150502 73.5341
0.153846 75.1978
0.157191 76.8627
0.160535 78.5289
0.16388 80.1964
0.167224 81.8652
0.170569 83.5352
0.173913 85.2065
0.177258 86.8791
0.180602 88.5529
0.183946 90.228
0.187291 91.9045
0.190635 93.5822
0.19398 95.2612
0.197324 96.9415
0.200669 98.6231
0.204013 100.306
0.207358 101.99
0.210702 103.676
0.214047 105.363
0.217391 107.051
0.220736 108.74
0.22408 110.431
0.227425 112.123
0.230769 113.817
0.234114 115.511
0.237458 117.208
0.240803 118.905
0.244147 120.604
0.247492 122.304
0.250836 124.006
0.254181 125.709
0.257525 127.413
0.26087 129.119
0.264214 130.826
0.267559 132.535
0.270903 134.245
0.274247 135.956
0.277592 137.669
0.280936 139.383
0.284281 141.099
0.287625 142.816
0.29097 144.535
0.294314 146.255
0.297659 147.977
0.301003 149.7
0.304348 151.424
0.307692 153.15
0.311037 154.878
0.314381 156.607
0.317726 158.337
0.32107 160.069
0.324415 161.803
0.327759 163.538
0.331104 165.274
0.334448 167.012
0.337793 168.752
0.341137 170.493
0.344482 172.236
0.347826 173.981
0.351171 175.727
0.354515 177.474
0.35786 179.224
0.361204 180.975
0.364548 182.727
0.367893 184.481
0.371237 186.237
0.374582 187.994
0.377926 189.754
0.381271 191.514
0.384615 193.277
0.38796 195.041
0.391304 196.807
0.394649 198.574
0.397993 200.343
0.401338 202.114
0.404682 203.887
0.408027 205.661
0.411371 207.438
0.414716 209.216
0.41806 210.995
0.421405 212.777
0.424749 214.56
0.428094 216.345
0.431438 218.132
0.434783 219.921
0.438127 221.711
0.441472 223.504
0.444816 225.298
0.448161 227.094
0.451505 228.892
0.454849 230.692
0.458194 232.493
0.461538 234.297
0.464883 236.102
0.468227 237.91
0.471572 239.719
0.474916 241.53
0.478261 243.344
0.481605 245.159
0.48495 246.976
0.488294 248.795
0.491639 250.616
0.494983 252.439
0.498328 254.265
0.501672 256.092
0.505017 257.921
0.508361 259.752
0.511706 261.586
0.51505 263.421
0.518395 265.259
0.521739 267.098
0.525084 268.94
0.528428 270.784
0.531773 272.63
0.535117 274.478
0.538462 276.328
0.541806 278.181
0.545151 280.036
0.548495 281.892
0.551839 283.752
0.555184 285.613
0.558528 287.477
0.561873 289.342
0.565217 291.211
0.568562 293.081
0.571906 294.954
0.575251 296.829
0.578595 298.706
0.58194 300.586
0.585284 302.468
0.588629 304.353
0.591973 306.24
0.595318 308.129
0.598662 310.021
0.602007 311.915
0.605351 313.812
0.608696 315.711
0.61204 317.613
0.615385 319.518
0.618729 321.424
0.622074 323.334
0.625418 325.246
0.628763 327.161
0.632107 329.078
0.635452 330.998
0.638796 332.921
0.64214 334.846
0.645485 336.774
0.648829 338.705
0.652174 340.638
0.655518 342.575
0.658863 344.514
0.662207 346.456
0.665552 348.401
0.668896 350.348
0.672241 352.299
0.675585 354.253
0.67893 356.209
0.682274 358.169
0.685619 360.131
0.688963 362.097
0.692308 364.066
0.695652 366.038
0.698997 368.013
0.702341 369.991
0.705686 371.972
0.70903 373.957
0.712375 375.944
0.715719 377.936
0.719064 379.93
0.722408 381.928
0.725753 383.929
0.729097 385.934
0.732441 387.942
0.735786 389.953
0.73913 391.968
0.742475 393.987
0.745819 396.009
0.749164 398.035
0.752508 400.065
0.755853 402.098
0.759197 404.136
0.762542 406.177
0.765886 408.221
0.769231 410.27
0.772575 412.323
0.77592 414.379
0.779264 416.44
0.782609 418.505
0.785953 420.574
0.789298 422.647
0.792642 424.724
0.795987 426.806
0.799331 428.892
0.802676 430.982
0.80602 433.077
0.809365 435.176
0.812709 437.28
0.816054 439.388
0.819398 441.501
0.822742 443.619
0.826087 445.742
0.829431 447.869
0.832776 450.001
0.83612 452.138
0.839465 454.28
0.842809 456.428
0.846154 458.58
0.849498 460.738
0.852843 462.9
0.856187 465.069
0.859532 467.242
0.862876 469.421
0.866221 471.606
0.869565 473.796
0.87291 475.992
0.876254 478.194
0.879599 480.402
0.882943 482.615
0.886288 484.835
0.889632 487.06
0.892977 489.292
0.896321 491.53
0.899666 493.774
0.90301 496.025
0.906355 498.282
0.909699 500.546
0.913043 502.816
0.916388 505.094
0.919732 507.378
0.923077 509.669
0.926421 511.967
0.929766 514.272
0.93311 516.585
0.936455 518.905
0.939799 521.232
0.943144 523.567
0.946488 525.909
0.949833 528.26
0.953177 530.618
0.956522 532.984
0.959866 535.358
0.963211 537.74
0.966555 540.131
0.9699 542.53
0.973244 544.938
0.976589 547.354
0.979933 549.779
0.983278 552.213
0.986622 554.656
0.989967 557.108
0.993311 559.57
0.996656 562.04
1 564.521
