0 0
0.005 2.94083
0.01 5.88149
0.015 8.82201
0.02 11.7624
0.025 14.7026
0.03 17.6428
0.035 20.5828
0.04 23.5226
0.045 26.4624
0.05 29.402
0.055 32.3415
0.06 35.2808
0.065 38.2201
0.07 41.1592
0.075 44.0983
0.08 47.0372
0.085 49.976
0.09 52.9146
0.095 55.8532
0.1 58.7916
0.105 61.73
0.11 64.6682
0.115 67.6063
0.12 70.5443
0.125 73.4822
0.13 76.42
0.135 79.3577
0.14 82.2952
0.145 85.2327
0.15 88.1701
0.155 91.1073
0.16 94.0445
0.165 96.9815
0.17 99.9185
0.175 102.855
0.18 105.792
0.185 108.729
0.19 111.665
0.195 114.602
0.2 117.538
0.205 120.474
0.21 123.41
0.215 126.346
0.22 129.282
0.225 132.218
0.23 135.154
0.235 138.09
0.24 141.025
0.245 143.961
0.25 146.896
0.255 149.831
0.26 152.766
0.265 155.702
0.27 158.637
0.275 161.571
0.28 164.506
0.285 167.441
0.29 170.376
0.295 173.31
0.3 176.245
0.305 179.179
0.31 182.113
0.315 185.048
0.32 187.982
0.325 190.916
0.33 193.85
0.335 196.784
0.34 199.717
0.345 202.651
0.35 205.585
0.355 208.518
0.36 211.452
0.365 214.385
0.37 217.318
0.375 220.252
0.38 223.185
0.385 226.118
0.39 229.051
0.395 231.984
0.4 234.916
0.405 237.849
0.41 240.782
0.415 243.714
0.42 246.647
0.425 249.58
0.43 252.512
0.435 255.444
0.44 258.376
0.445 261.309
0.45 264.241
0.455 267.173
0.46 270.105
0.465 273.036
0.47 275.968
0.475 278.9
0.48 281.832
0.485 284.763
0.49 287.695
0.495 290.626
0.5 293.558
0.505 296.489
0.51 299.42
0.515 302.351
0.52 305.282
0.525 308.214
0.53 311.145
0.535 314.075
0.54 317.006
0.545 319.937
0.55 322.868
0.555 325.799
0.56 328.729
0.565 331.66
0.57 334.59
0.575 337.521
0.58 340.451
0.585 343.381
0.59 346.312
0.595 349.242
0.6 352.172
0.605 355.102
0.61 358.032
0.615 360.962
0.62 363.892
0.625 366.822
0.63 369.752
0.635 372.681
0.64 375.611
0.645 378.541
0.65 381.47
0.655 384.4
0.66 387.329
0.665 390.259
0.67 393.188
0.675 396.117
0.68 399.047
0.685 401.976
0.69 404.905
0.695 407.834
0.7 410.763
0.705 413.692
0.71 416.621
0.715 419.55
0.72 422.479
0.725 425.408
0.73 428.337
0.735 431.265
0.74 434.194
0.745 437.123
0.75 440.051
0.755 442.98
0.76 445.908
0.765 448.837
0.77 451.765
0.775 454.694
0.78 457.622
0.785 460.55
0.79 463.478
0.795 466.407
0.8 469.335
0.805 472.263
0.81 475.191
0.815 478.119
0.82 481.047
0.825 483.975
0.83 486.903
0.835 489.831
0.84 492.759
0.845 495.686
0.85 498.614
0.855 501.542
0.86 504.469
0.865 507.397
0.87 510.325
0.875 513.252
0.88 516.18
0.885 519.107
0.89 522.035
0.895 524.962
0.9 527.89
0.905 530.817
0.91 533.744
0.915 536.671
0.92 539.599
0.925 542.526
0.93 545.453
0.935 548.38
0.94 551.307
0.945 554.234
0.95 557.161
0.955 560.089
0.96 563.016
0.965 565.943
0.97 568.87
0.975 571.796
0.98 574.723
0.985 577.65
0.99 580.577
0.995 583.504
1 586.43

0 0.000170025
0.00334448 1.96723
0.00668896 3.93424
0.0100334 5.90119
0.0133779 7.86808
0.0167224 9.83492
0.0200669 11.8017
0.0234114 13.7684
0.0267559 15.7351
0.0301003 17.7017
0.0334448 19.6683
0.0367893 21.6348
0.0401338 23.6012
0.0434783 25.5676
0.0468227 27.534
0.0501672 29.5002
0.0535117 31.4665
0.0568562 33.4326
0.0602007 35.3988
0.0635452 37.3648
0.0668896 39.3309
0.0702341 41.2968
0.0735786 43.2627
0.0769231 45.2286
0.0802676 47.1944
0.083612 49.1602
0.0869565 51.1259
0.090301 53.0915
0.0936455 55.0571
0.09699 57.0227
0.100334 58.9882
0.103679 60.9536
0.107023 62.919
0.110368 64.8844
0.113712 66.8497
0.117057 68.815
0.120401 70.7802
0.123746 72.7453
0.12709 74.7104
0.130435 76.6755
0.133779 78.6405
0.137124 80.6054
0.140468 82.5704
0.143813 84.5352
0.147157 86.5
0.150502 88.4648
0.153846 90.4295
0.157191 92.3942
0.160535 94.3588
0.16388 96.3234
0.167224 98.288
0.170569 100.252
0.173913 102.217
0.177258 104.181
0.180602 106.146
0.183946 108.11
0.187291 110.074
0.190635 112.038
0.19398 114.003
0.197324 115.967
0.200669 117.931
0.204013 119.895
0.207358 121.859
0.210702 123.823
0.214047 125.787
0.217391 127.751
0.220736 129.714
0.22408 131.678
0.227425 133.642
0.230769 135.606
0.234114 137.569
0.237458 139.533
0.240803 141.496
0.244147 143.46
0.247492 145.423
0.250836 147.387
0.254181 149.35
0.257525 151.314
0.26087 153.277
0.264214 155.24
0.267559 157.203
0.270903 159.167
0.274247 161.13
0.277592 163.093
0.280936 165.056
0.284281 167.019
0.287625 168.982
0.29097 170.945
0.294314 172.908
0.297659 174.871
0.301003 176.834
0.304348 178.796
0.307692 180.759
0.311037 182.722
0.314381 184.684
0.317726 186.647
0.32107 188.61
0.324415 190.572
0.327759 192.535
0.331104 194.497
0.334448 196.46
0.337793 198.422
0.341137 200.385
0.344482 202.347
0.347826 204.309
0.351171 206.271
0.354515 208.234
0.35786 210.196
0.361204 212.158
0.364548 214.12
0.367893 216.082
0.371237 218.044
0.374582 220.006
0.377926 221.968
0.381271 223.93
0.384615 225.892
0.38796 227.854
0.391304 229.816
0.394649 231.778
0.397993 233.739
0.401338 235.701
0.404682 237.663
0.408027 239.625
0.411371 241.586
0.414716 243.548
0.41806 245.509
0.421405 247.471
0.424749 249.432
0.428094 251.394
0.431438 253.355
0.434783 255.317
0.438127 257.278
0.441472 259.239
0.444816 261.201
0.448161 263.162
0.451505 265.123
0.454849 267.084
0.458194 269.046
0.461538 271.007
0.464883 272.968
0.468227 274.929
0.471572 276.89
0.474916 278.851
0.478261 280.812
0.481605 282.773
0.48495 284.734
0.488294 286.695
0.491639 288.656
0.494983 290.616
0.498328 292.577
0.501672 294.538
0.505017 296.499
0.508361 298.459
0.511706 300.42
0.51505 302.381
0.518395 304.341
0.521739 306.302
0.525084 308.263
0.528428 310.223
0.531773 312.184
0.535117 314.144
0.538462 316.105
0.541806 318.065
0.545151 320.025
0.548495 321.986
0.551839 323.946
0.555184 325.906
0.558528 327.867
0.561873 329.827
0.565217 331.787
0.568562 333.747
0.571906 335.708
0.575251 337.668
0.578595 339.628
0.58194 341.588
0.585284 343.548
0.588629 345.508
0.591973 347.468
0.595318 349.428
0.598662 351.388
0.602007 353.348
0.605351 355.308
0.608696 357.268
0.61204 359.228
0.615385 361.187
0.618729 363.147
0.622074 365.107
0.625418 367.067
0.628763 369.027
0.632107 370.986
0.635452 372.946
0.638796 374.906
0.64214 376.865
0.645485 378.825
0.648829 380.784
0.652174 382.744
0.655518 384.704
0.658863 386.663
0.662207 388.623
0.665552 390.582
0.668896 392.541
0.672241 394.501
0.675585 396.46
0.67893 398.42
0.682274 400.379
0.685619 402.338
0.688963 404.298
0.692308 406.257
0.695652 408.216
0.698997 410.175
0.702341 412.135
0.705686 414.094
0.70903 416.053
0.712375 418.012
0.715719 419.971
0.719064 421.93
0.722408 423.89
0.725753 425.849
0.729097 427.808
0.732441 429.767
0.735786 431.726
0.73913 433.685
0.742475 435.644
0.745819 437.603
0.749164 439.562
0.752508 441.52
0.755853 443.479
0.759197 445.438
0.762542 447.397
0.765886 449.356
0.769231 451.315
0.772575 453.273
0.77592 455.232
0.779264 457.191
0.782609 459.15
0.785953 461.108
0.789298 463.067
0.792642 465.026
0.795987 466.984
0.799331 468.943
0.802676 470.902
0.80602 472.86
0.809365 474.819
0.812709 476.777
0.816054 478.736
0.819398 480.694
0.822742 482.653
0.826087 484.611
0.829431 486.57
0.832776 488.528
0.83612 490.487
0.839465 492.445
0.842809 494.404
0.846154 496.362
0.849498 498.32
0.852843 500.279
0.856187 502.237
0.859532 504.195
0.862876 506.154
0.866221 508.112
0.869565 510.07
0.87291 512.028
0.876254 513.987
0.879599 515.945
0.882943 517.903
0.886288 519.861
0.889632 521.819
0.892977 523.777
0.896321 525.736
0.899666 527.694
0.90301 529.652
0.906355 531.61
0.909699 533.568
0.913043 535.526
0.916388 537.484
0.919732 539.442
0.923077 541.4
0.926421 543.358
0.929766 545.316
0.93311 547.274
0.936455 549.232
0.939799 551.19
0.943144 553.148
0.946488 555.106
0.949833 557.064
0.953177 559.022
0.956522 560.979
0.959866 562.937
0.963211 564.895
0.966555 566.853
0.9699 568.811
0.973244 570.769
0.976589 572.726
0.979933 574.684
0.983278 576.642
0.986622 578.6
0.989967 580.557
0.993311 582.515
0.996656 584.473
1 586.43
