0 206.673
0.00334448 208.428
0.00668896 210.104
0.0100334 211.7
0.0133779 213.215
0.0167224 214.651
0.0200669 216.008
0.0234114 217.287
0.0267559 218.489
0.0301003 219.614
0.0334448 220.665
0.0367893 221.653
0.0401338 222.588
0.0434783 223.481
0.0468227 224.344
0.0501672 225.189
0.0535117 226.023
0.0568562 226.847
0.0602007 227.659
0.0635452 228.457
0.0668896 229.24
0.0702341 230.006
0.0735786 230.752
0.0769231 231.482
0.0802676 232.196
0.083612 232.897
0.0869565 233.586
0.090301 234.266
0.0936455 234.937
0.09699 235.599
0.100334 236.252
0.103679 236.896
0.107023 237.53
0.110368 238.154
0.113712 238.768
0.117057 239.37
0.120401 239.96
0.123746 240.536
0.12709 241.098
0.130435 241.645
0.133779 242.176
0.137124 242.695
0.140468 243.203
0.143813 243.705
0.147157 244.201
0.150502 244.697
0.153846 245.192
0.157191 245.687
0.160535 246.18
0.16388 246.67
0.167224 247.155
0.170569 247.636
0.173913 248.11
0.177258 248.577
0.180602 249.036
0.183946 249.489
0.187291 249.933
0.190635 250.37
0.19398 250.798
0.197324 251.22
0.200669 251.635
0.204013 252.046
0.207358 252.453
0.210702 252.858
0.214047 253.262
0.217391 253.664
0.220736 254.065
0.22408 254.464
0.227425 254.861
0.230769 255.256
0.234114 255.649
0.237458 256.04
0.240803 256.429
0.244147 256.815
0.247492 257.199
0.250836 257.58
0.254181 257.958
0.257525 258.333
0.26087 258.705
0.264214 259.074
0.267559 259.44
0.270903 259.803
0.274247 260.162
0.277592 260.519
0.280936 260.873
0.284281 261.226
0.287625 261.577
0.29097 261.927
0.294314 262.277
0.297659 262.625
0.301003 262.971
0.304348 263.314
0.307692 263.653
0.311037 263.989
0.314381 264.321
0.317726 264.649
0.32107 264.976
0.324415 265.302
0.327759 265.628
0.331104 265.956
0.334448 266.286
0.337793 266.617
0.341137 266.948
0.344482 267.279
0.347826 267.609
0.351171 267.936
0.354515 268.259
0.35786 268.58
0.361204 268.897
0.364548 269.209
0.367893 269.518
0.371237 269.822
0.374582 270.121
0.377926 270.418
0.381271 270.712
0.384615 271.006
0.38796 271.3
0.391304 271.596
0.394649 271.895
0.397993 272.195
0.401338 272.498
0.404682 272.802
0.408027 273.109
0.411371 273.417
0.414716 273.726
0.41806 274.035
0.421405 274.342
0.424749 274.646
0.428094 274.946
0.431438 275.24
0.434783 275.529
0.438127 275.814
0.441472 276.096
0.444816 276.377
0.448161 276.658
0.451505 276.941
0.454849 277.227
0.458194 277.514
0.461538 277.802
0.464883 278.09
0.468227 278.377
0.471572 278.662
0.474916 278.945
0.478261 279.227
0.481605 279.51
0.48495 279.793
0.488294 280.079
0.491639 280.367
0.494983 280.658
0.498328 280.95
0.501672 281.241
0.505017 281.531
0.508361 281.816
0.511706 282.095
0.51505 282.369
0.518395 282.638
0.521739 282.902
0.525084 283.164
0.528428 283.423
0.531773 283.682
0.535117 283.94
0.538462 284.198
0.541806 284.457
0.545151 284.716
0.548495 284.977
0.551839 285.239
0.555184 285.502
0.558528 285.767
0.561873 286.031
0.565217 286.294
0.568562 286.556
0.571906 286.816
0.575251 287.074
0.578595 287.331
0.58194 287.588
0.585284 287.845
0.588629 288.105
0.591973 288.368
0.595318 288.634
0.598662 288.9
0.602007 289.165
0.605351 289.428
0.608696 289.687
0.61204 289.941
0.615385 290.189
0.618729 290.433
0.622074 290.675
0.625418 290.916
0.628763 291.159
0.632107 291.404
0.635452 291.652
0.638796 291.902
0.64214 292.154
0.645485 292.407
0.648829 292.66
0.652174 292.913
0.655518 293.165
0.658863 293.418
0.662207 293.67
0.665552 293.922
0.668896 294.175
0.672241 294.428
0.675585 294.681
0.67893 294.934
0.682274 295.186
0.685619 295.436
0.688963 295.684
0.692308 295.93
0.695652 296.172
0.698997 296.413
0.702341 296.651
0.705686 296.889
0.70903 297.126
0.712375 297.363
0.715719 297.6
0.719064 297.837
0.722408 298.073
0.725753 298.309
0.729097 298.543
0.732441 298.776
0.735786 299.008
0.73913 299.24
0.742475 299.472
0.745819 299.704
0.749164 299.939
0.752508 300.175
0.755853 300.413
0.759197 300.651
0.762542 300.889
0.765886 301.125
0.769231 301.358
0.772575 301.587
0.77592 301.813
0.779264 302.037
0.782609 302.259
0.785953 302.48
0.789298 302.702
0.792642 302.925
0.795987 303.15
0.799331 303.376
0.802676 303.602
0.80602 303.829
0.809365 304.055
0.812709 304.282
0.816054 304.507
0.819398 304.73
0.822742 304.952
0.826087 305.17
0.829431 305.385
0.832776 305.597
0.83612 305.805
0.839465 306.014
0.842809 306.225
0.846154 306.44
0.849498 306.662
0.852843 306.892
0.856187 307.128
0.859532 307.368
0.862876 307.608
0.866221 307.846
0.869565 308.079
0.87291 308.303
0.876254 308.519
0.879599 308.729
0.882943 308.933
0.886288 309.133
0.889632 309.331
0.892977 309.527
0.896321 309.723
0.899666 309.918
0.90301 310.113
0.906355 310.309
0.909699 310.507
0.913043 310.706
0.916388 310.907
0.919732 311.108
0.923077 311.309
0.926421 311.51
0.929766 311.71
0.93311 311.907
0.936455 312.103
0.939799 312.298
0.943144 312.492
0.946488 312.686
0.949833 312.88
0.953177 313.074
0.956522 313.269
0.959866 313.463
0.963211 313.656
0.966555 313.848
0.9699 314.038
0.973244 314.227
0.976589 314.413
0.979933 314.598
0.983278 314.781
0.986622 314.962
0.989967 315.142
0.993311 315.321
0.996656 315.498
1 315.675
