0 0
0.005 3.14189
0.01 6.28419
0.015 9.42684
0.02 12.5698
0.025 15.7131
0.03 18.8567
0.035 22.0007
0.04 25.1449
0.045 28.2895
0.05 31.4343
0.055 34.5795
0.06 37.725
0.065 40.8708
0.07 44.017
0.075 47.1634
0.08 50.3102
0.085 53.4573
0.09 56.6047
0.095 59.7524
0.1 62.9004
0.105 66.0488
0.11 69.1975
0.115 72.3465
0.12 75.4958
0.125 78.6455
0.13 81.7954
0.135 84.9457
0.14 88.0964
0.145 91.2473
0.15 94.3986
0.155 97.5502
0.16 100.702
0.165 103.854
0.17 107.007
0.175 110.16
0.18 113.313
0.185 116.467
0.19 119.621
0.195 122.775
0.2 125.929
0.205 129.084
0.21 132.239
0.215 135.395
0.22 138.551
0.225 141.707
0.23 144.864
0.235 148.021
0.24 151.178
0.245 154.335
0.25 157.493
0.255 160.652
0.26 163.81
0.265 166.969
0.27 170.128
0.275 173.288
0.28 176.448
0.285 179.608
0.29 182.769
0.295 185.93
0.3 189.091
0.305 192.253
0.31 195.415
0.315 198.577
0.32 201.74
0.325 204.903
0.33 208.066
0.335 211.23
0.34 214.394
0.345 217.559
0.35 220.723
0.355 223.888
0.36 227.054
0.365 230.22
0.37 233.386
0.375 236.552
0.38 239.719
0.385 242.887
0.39 246.054
0.395 249.222
0.4 252.39
0.405 255.559
0.41 258.728
0.415 261.897
0.42 265.067
0.425 268.237
0.43 271.408
0.435 274.578
0.44 277.75
0.445 280.921
0.45 284.093
0.455 287.265
0.46 290.438
0.465 293.611
0.47 296.784
0.475 299.958
0.48 303.132
0.485 306.306
0.49 309.481
0.495 312.656
0.5 315.831
0.505 319.007
0.51 322.184
0.515 325.36
0.52 328.537
0.525 331.714
0.53 334.892
0.535 338.07
0.54 341.249
0.545 344.427
0.55 347.606
0.555 350.786
0.56 353.966
0.565 357.146
0.57 360.327
0.575 363.508
0.58 366.689
0.585 369.871
0.59 373.053
0.595 376.236
0.6 379.418
0.605 382.602
0.61 385.785
0.615 388.969
0.62 392.154
0.625 395.338
0.63 398.523
0.635 401.709
0.64 404.895
0.645 408.081
0.65 411.268
0.655 414.455
0.66 417.642
0.665 420.83
0.67 424.018
0.675 427.207
0.68 430.395
0.685 433.585
0.69 436.774
0.695 439.964
0.7 443.155
0.705 446.346
0.71 449.537
0.715 452.729
0.72 455.92
0.725 459.113
0.73 462.306
0.735 465.499
0.74 468.692
0.745 471.886
0.75 475.08
0.755 478.275
0.76 481.47
0.765 484.666
0.77 487.861
0.775 491.058
0.78 494.254
0.785 497.451
0.79 500.649
0.795 503.846
0.8 507.045
0.805 510.243
0.81 513.442
0.815 516.641
0.82 519.841
0.825 523.041
0.83 526.242
0.835 529.443
0.84 532.644
0.845 535.846
0.85 539.048
0.855 542.25
0.86 545.453
0.865 548.657
0.87 551.86
0.875 555.064
0.88 558.269
0.885 561.474
0.89 564.679
0.895 567.885
0.9 571.091
0.905 574.297
0.91 577.504
0.915 580.711
0.92 583.919
0.925 587.127
0.93 590.335
0.935 593.544
0.94 596.753
0.945 599.963
0.95 603.173
0.955 606.384
0.96 609.594
0.965 612.806
0.97 616.017
0.975 619.229
0.98 622.442
0.985 625.655
0.99 628.868
0.995 632.082
1 635.296

0 -0.000220518
0.00334448 2.10146
0.00668896 4.20327
0.0100334 6.30523
0.0133779 8.40732
0.0167224 10.5096
0.0200669 12.6119
0.0234114 14.7144
0.0267559 16.8171
0.0301003 18.9199
0.0334448 21.0228
0.0367893 23.1259
0.0401338 25.2291
0.0434783 27.3324
0.0468227 29.4359
0.0501672 31.5396
0.0535117 33.6433
0.0568562 35.7472
0.0602007 37.8513
0.0635452 39.9555
0.0668896 42.0598
0.0702341 44.1643
0.0735786 46.2689
0.0769231 48.3737
0.0802676 50.4786
0.083612 52.5836
0.0869565 54.6888
0.090301 56.7942
0.0936455 58.8996
0.09699 61.0053
0.100334 63.111
0.103679 65.2169
0.107023 67.323
0.110368 69.4292
0.113712 71.5355
0.117057 73.642
0.120401 75.7486
0.123746 77.8554
0.12709 79.9623
0.130435 82.0694
0.133779 84.1766
0.137124 86.2839
0.140468 88.3914
0.143813 90.499
0.147157 92.6068
0.150502 94.7148
0.153846 96.8228
0.157191 98.9311
0.160535 101.039
0.16388 103.148
0.167224 105.257
0.170569 107.365
0.173913 109.474
0.177258 111.583
0.180602 113.693
0.183946 115.802
0.187291 117.912
0.190635 120.021
0.19398 122.131
0.197324 124.241
0.200669 126.351
0.204013 128.462
0.207358 130.572
0.210702 132.683
0.214047 134.793
0.217391 136.904
0.220736 139.015
0.22408 141.127
0.227425 143.238
0.230769 145.349
0.234114 147.461
0.237458 149.573
0.240803 151.685
0.244147 153.797
0.247492 155.909
0.250836 158.021
0.254181 160.134
0.257525 162.247
0.26087 164.36
0.264214 166.473
0.267559 168.586
0.270903 170.699
0.274247 172.812
0.277592 174.926
0.280936 177.04
0.284281 179.154
0.287625 181.268
0.29097 183.382
0.294314 185.496
0.297659 187.611
0.301003 189.726
0.304348 191.84
0.307692 193.955
0.311037 196.071
0.314381 198.186
0.317726 200.301
0.32107 202.417
0.324415 204.533
0.327759 206.649
0.331104 208.765
0.334448 210.881
0.337793 212.997
0.341137 215.114
0.344482 217.23
0.347826 219.347
0.351171 221.464
0.354515 223.581
0.35786 225.699
0.361204 227.816
0.364548 229.934
0.367893 232.052
0.371237 234.17
0.374582 236.288
0.377926 238.406
0.381271 240.524
0.384615 242.643
0.38796 244.762
0.391304 246.881
0.394649 249
0.397993 251.119
0.401338 253.238
0.404682 255.358
0.408027 257.477
0.411371 259.597
0.414716 261.717
0.41806 263.837
0.421405 265.958
0.424749 268.078
0.428094 270.199
0.431438 272.32
0.434783 274.441
0.438127 276.562
0.441472 278.683
0.444816 280.804
0.448161 282.926
0.451505 285.048
0.454849 287.17
0.458194 289.292
0.461538 291.414
0.464883 293.536
0.468227 295.659
0.471572 297.782
0.474916 299.905
0.478261 302.028
0.481605 304.151
0.48495 306.274
0.488294 308.398
0.491639 310.521
0.494983 312.645
0.498328 314.769
0.501672 316.894
0.505017 319.018
0.508361 321.142
0.511706 323.267
0.51505 325.392
0.518395 327.517
0.521739 329.642
0.525084 331.767
0.528428 333.893
0.531773 336.019
0.535117 338.144
0.538462 340.27
0.541806 342.397
0.545151 344.523
0.548495 346.649
0.551839 348.776
0.555184 350.903
0.558528 353.03
0.561873 355.157
0.565217 357.284
0.568562 359.412
0.571906 361.54
0.575251 363.667
0.578595 365.795
0.58194 367.923
0.585284 370.052
0.588629 372.18
0.591973 374.309
0.595318 376.438
0.598662 378.567
0.602007 380.696
0.605351 382.825
0.608696 384.955
0.61204 387.084
0.615385 389.214
0.618729 391.344
0.622074 393.474
0.625418 395.605
0.628763 397.735
0.632107 399.866
0.635452 401.997
0.638796 404.128
0.64214 406.259
0.645485 408.39
0.648829 410.522
0.652174 412.653
0.655518 414.785
0.658863 416.917
0.662207 419.049
0.665552 421.182
0.668896 423.314
0.672241 425.447
0.675585 427.58
0.67893 429.713
0.682274 431.846
0.685619 433.979
0.688963 436.113
0.692308 438.247
0.695652 440.381
0.698997 442.515
0.702341 444.649
0.705686 446.783
0.70903 448.918
0.712375 451.053
0.715719 453.188
0.719064 455.323
0.722408 457.458
0.725753 459.593
0.729097 461.729
0.732441 463.865
0.735786 466.001
0.73913 468.137
0.742475 470.273
0.745819 472.41
0.749164 474.546
0.752508 476.683
0.755853 478.82
0.759197 480.957
0.762542 483.095
0.765886 485.232
0.769231 487.37
0.772575 489.508
0.77592 491.646
0.779264 493.784
0.782609 495.922
0.785953 498.061
0.789298 500.199
0.792642 502.338
0.795987 504.477
0.799331 506.617
0.802676 508.756
0.80602 510.896
0.809365 513.036
0.812709 515.175
0.816054 517.316
0.819398 519.456
0.822742 521.596
0.826087 523.737
0.829431 525.878
0.832776 528.019
0.83612 530.16
0.839465 532.301
0.842809 534.443
0.846154 536.585
0.849498 538.727
0.852843 540.869
0.856187 543.011
0.859532 545.153
0.862876 547.296
0.866221 549.439
0.869565 551.582
0.87291 553.725
0.876254 555.868
0.879599 558.012
0.882943 560.155
0.886288 562.299
0.889632 564.443
0.892977 566.587
0.896321 568.732
0.899666 570.876
0.90301 573.021
0.906355 575.166
0.909699 577.311
0.913043 579.456
0.916388 581.602
0.919732 583.747
0.923077 585.893
0.926421 588.039
0.929766 590.185
0.93311 592.331
0.936455 594.478
0.939799 596.625
0.943144 598.772
0.946488 600.919
0.949833 603.066
0.953177 605.213
0.956522 607.361
0.959866 609.509
0.963211 611.657
0.966555 613.805
0.9699 615.953
0.973244 618.101
0.976589 620.25
0.979933 622.399
0.983278 624.548
0.986622 626.697
0.989967 628.847
0.993311 630.996
0.996656 633.146
1 635.296
