0 0
0.02 12.7464
0.04 25.5036
0.06 38.2706
0.08 51.0468
0.1 63.8318
0.12 76.6258
0.14 89.4287
0.16 102.241
0.18 115.062
0.2 127.892
0.22 140.731
0.24 153.58
0.26 166.438
0.28 179.305
0.3 192.181
0.32 205.066
0.34 217.961
0.36 230.865
0.38 243.779
0.4 256.702
0.42 269.634
0.44 282.575
0.46 295.526
0.48 308.487
0.5 321.457
0.52 334.436
0.54 347.425
0.56 360.424
0.58 373.432
0.6 386.449
0.62 399.476
0.64 412.513
0.66 425.559
0.68 438.615
0.7 451.68
0.72 464.754
0.74 477.838
0.76 490.932
0.78 504.034
0.8 517.146
0.82 530.266
0.84 543.396
0.86 556.534
0.88 569.681
0.9 582.835
0.92 595.998
0.94 609.167
0.96 622.344
0.98 635.528
1 648.717

0 -0.00145794
0.00334448 2.1298
0.00668896 4.26131
0.0100334 6.39306
0.0133779 8.52507
0.0167224 10.6573
0.0200669 12.7898
0.0234114 14.9226
0.0267559 17.0556
0.0301003 19.1888
0.0334448 21.3224
0.0367893 23.4561
0.0401338 25.5901
0.0434783 27.7244
0.0468227 29.8589
0.0501672 31.9937
0.0535117 34.1287
0.0568562 36.2639
0.0602007 38.3995
0.0635452 40.5352
0.0668896 42.6713
0.0702341 44.8076
0.0735786 46.9441
0.0769231 49.0809
0.0802676 51.2179
0.083612 53.3552
0.0869565 55.4928
0.090301 57.6306
0.0936455 59.7686
0.09699 61.9069
0.100334 64.0455
0.103679 66.1843
0.107023 68.3234
0.110368 70.4627
0.113712 72.6023
0.117057 74.7421
0.120401 76.8822
0.123746 79.0226
0.12709 81.1632
0.130435 83.304
0.133779 85.4451
0.137124 87.5865
0.140468 89.7281
0.143813 91.87
0.147157 94.0121
0.150502 96.1545
0.153846 98.2971
0.157191 100.44
0.160535 102.583
0.16388 104.727
0.167224 106.87
0.170569 109.014
0.173913 111.158
0.177258 113.303
0.180602 115.447
0.183946 117.592
0.187291 119.738
0.190635 121.883
0.19398 124.029
0.197324 126.175
0.200669 128.321
0.204013 130.467
0.207358 132.614
0.210702 134.761
0.214047 136.908
0.217391 139.056
0.220736 141.204
0.22408 143.352
0.227425 145.5
0.230769 147.649
0.234114 149.797
0.237458 151.946
0.240803 154.096
0.244147 156.245
0.247492 158.395
0.250836 160.545
0.254181 162.696
0.257525 164.846
0.26087 166.997
0.264214 169.148
0.267559 171.299
0.270903 173.451
0.274247 175.603
0.277592 177.755
0.280936 179.908
0.284281 182.06
0.287625 184.213
0.29097 186.366
0.294314 188.52
0.297659 190.673
0.301003 192.827
0.304348 194.982
0.307692 197.136
0.311037 199.291
0.314381 201.446
0.317726 203.601
0.32107 205.756
0.324415 207.912
0.327759 210.068
0.331104 212.225
0.334448 214.381
0.337793 216.538
0.341137 218.695
0.344482 220.852
0.347826 223.01
0.351171 225.168
0.354515 227.326
0.35786 229.484
0.361204 231.643
0.364548 233.802
0.367893 235.961
0.371237 238.12
0.374582 240.28
0.377926 242.44
0.381271 244.6
0.384615 246.76
0.38796 248.921
0.391304 251.082
0.394649 253.243
0.397993 255.405
0.401338 257.567
0.404682 259.729
0.408027 261.891
0.411371 264.053
0.414716 266.216
0.41806 268.379
0.421405 270.543
0.424749 272.706
0.428094 274.87
0.431438 277.034
0.434783 279.199
0.438127 281.363
0.441472 283.528
0.444816 285.693
0.448161 287.859
0.451505 290.024
0.454849 292.19
0.458194 294.357
0.461538 296.523
0.464883 298.69
0.468227 300.857
0.471572 303.024
0.474916 305.192
0.478261 307.36
0.481605 309.528
0.48495 311.696
0.488294 313.865
0.491639 316.033
0.494983 318.203
0.498328 320.372
0.501672 322.542
0.505017 324.712
0.508361 326.882
0.511706 329.052
0.51505 331.223
0.518395 333.394
0.521739 335.565
0.525084 337.737
0.528428 339.909
0.531773 342.081
0.535117 344.253
0.538462 346.425
0.541806 348.598
0.545151 350.771
0.548495 352.945
0.551839 355.119
0.555184 357.292
0.558528 359.467
0.561873 361.641
0.565217 363.816
0.568562 365.991
0.571906 368.166
0.575251 370.342
0.578595 372.517
0.58194 374.693
0.585284 376.87
0.588629 379.046
0.591973 381.223
0.595318 383.4
0.598662 385.578
0.602007 387.755
0.605351 389.933
0.608696 392.112
0.61204 394.29
0.615385 396.469
0.618729 398.648
0.622074 400.827
0.625418 403.007
0.628763 405.186
0.632107 407.366
0.635452 409.547
0.638796 411.727
0.64214 413.908
0.645485 416.089
0.648829 418.271
0.652174 420.453
0.655518 422.635
0.658863 424.817
0.662207 426.999
0.665552 429.182
0.668896 431.365
0.672241 433.548
0.675585 435.732
0.67893 437.916
0.682274 440.1
0.685619 442.284
0.688963 444.469
0.692308 446.653
0.695652 448.839
0.698997 451.024
0.702341 453.21
0.705686 455.396
0.70903 457.582
0.712375 459.768
0.715719 461.955
0.719064 464.142
0.722408 466.329
0.725753 468.517
0.729097 470.704
0.732441 472.893
0.735786 475.081
0.73913 477.269
0.742475 479.458
0.745819 481.647
0.749164 483.837
0.752508 486.026
0.755853 488.216
0.759197 490.406
0.762542 492.596
0.765886 494.787
0.769231 496.978
0.772575 499.169
0.77592 501.361
0.779264 503.552
0.782609 505.744
0.785953 507.936
0.789298 510.129
0.792642 512.321
0.795987 514.514
0.799331 516.707
0.802676 518.901
0.80602 521.094
0.809365 523.288
0.812709 525.483
0.816054 527.677
0.819398 529.872
0.822742 532.067
0.826087 534.262
0.829431 536.457
0.832776 538.653
0.83612 540.849
0.839465 543.045
0.842809 545.241
0.846154 547.438
0.849498 549.634
0.852843 551.832
0.856187 554.029
0.859532 556.226
0.862876 558.424
0.866221 560.622
0.869565 562.82
0.87291 565.019
0.876254 567.218
0.879599 569.417
0.882943 571.616
0.886288 573.815
0.889632 576.015
0.892977 578.215
0.896321 580.415
0.899666 582.615
0.90301 584.815
0.906355 587.016
0.909699 589.217
0.913043 591.418
0.916388 593.62
0.919732 595.821
0.923077 598.023
0.926421 600.225
0.929766 602.427
0.93311 604.629
0.936455 606.832
0.939799 609.035
0.943144 611.238
0.946488 613.441
0.949833 615.644
0.953177 617.848
0.956522 620.052
0.959866 622.256
0.963211 624.46
0.966555 626.664
0.9699 628.869
0.973244 631.074
0.976589 633.278
0.979933 635.484
0.983278 637.689
0.986622 639.894
0.989967 642.1
0.993311 644.306
0.996656 646.511
1 648.718
