0 233.677
0.00334448 234.73
0.00668896 235.734
0.0100334 236.689
0.0133779 237.594
0.0167224 238.45
0.0200669 239.257
0.0234114 240.016
0.0267559 240.729
0.0301003 241.394
0.0334448 242.014
0.0367893 242.595
0.0401338 243.143
0.0434783 243.662
0.0468227 244.161
0.0501672 244.644
0.0535117 245.117
0.0568562 245.579
0.0602007 246.03
0.0635452 246.467
0.0668896 246.89
0.0702341 247.298
0.0735786 247.69
0.0769231 248.068
0.0802676 248.436
0.083612 248.796
0.0869565 249.151
0.090301 249.504
0.0936455 249.857
0.09699 250.208
0.100334 250.557
0.103679 250.9
0.107023 251.238
0.110368 251.567
0.113712 251.887
0.117057 252.2
0.120401 252.506
0.123746 252.808
0.12709 253.107
0.130435 253.404
0.133779 253.701
0.137124 253.996
0.140468 254.288
0.143813 254.574
0.147157 254.854
0.150502 255.126
0.153846 255.388
0.157191 255.643
0.160535 255.894
0.16388 256.141
0.167224 256.389
0.170569 256.638
0.173913 256.891
0.177258 257.146
0.180602 257.403
0.183946 257.66
0.187291 257.917
0.190635 258.173
0.19398 258.427
0.197324 258.679
0.200669 258.93
0.204013 259.179
0.207358 259.428
0.210702 259.676
0.214047 259.923
0.217391 260.17
0.220736 260.414
0.22408 260.656
0.227425 260.894
0.230769 261.129
0.234114 261.36
0.237458 261.588
0.240803 261.816
0.244147 262.044
0.247492 262.275
0.250836 262.51
0.254181 262.749
0.257525 262.992
0.26087 263.235
0.264214 263.478
0.267559 263.718
0.270903 263.953
0.274247 264.183
0.277592 264.408
0.280936 264.63
0.284281 264.849
0.287625 265.067
0.29097 265.285
0.294314 265.504
0.297659 265.723
0.301003 265.94
0.304348 266.155
0.307692 266.367
0.311037 266.575
0.314381 266.78
0.317726 266.982
0.32107 267.184
0.324415 267.389
0.327759 267.597
0.331104 267.81
0.334448 268.03
0.337793 268.253
0.341137 268.477
0.344482 268.699
0.347826 268.916
0.351171 269.126
0.354515 269.327
0.35786 269.523
0.361204 269.717
0.364548 269.911
0.367893 270.107
0.371237 270.31
0.374582 270.519
0.377926 270.733
0.381271 270.948
0.384615 271.163
0.38796 271.374
0.391304 271.58
0.394649 271.78
0.397993 271.976
0.401338 272.168
0.404682 272.36
0.408027 272.552
0.411371 272.747
0.414716 272.945
0.41806 273.144
0.421405 273.344
0.424749 273.542
0.428094 273.737
0.431438 273.928
0.434783 274.114
0.438127 274.296
0.441472 274.476
0.444816 274.653
0.448161 274.829
0.451505 275.005
0.454849 275.182
0.458194 275.359
0.461538 275.537
0.464883 275.717
0.468227 275.899
0.471572 276.083
0.474916 276.27
0.478261 276.457
0.481605 276.643
0.48495 276.828
0.488294 277.009
0.491639 277.187
0.494983 277.36
0.498328 277.531
0.501672 277.7
0.505017 277.868
0.508361 278.037
0.511706 278.208
0.51505 278.381
0.518395 278.555
0.521739 278.729
0.525084 278.901
0.528428 279.071
0.531773 279.237
0.535117 279.399
0.538462 279.558
0.541806 279.716
0.545151 279.873
0.548495 280.03
0.551839 280.189
0.555184 280.348
0.558528 280.508
0.561873 280.665
0.565217 280.821
0.568562 280.973
0.571906 281.119
0.575251 281.262
0.578595 281.401
0.58194 281.54
0.585284 281.679
0.588629 281.82
0.591973 281.966
0.595318 282.115
0.598662 282.266
0.602007 282.418
0.605351 282.57
0.608696 282.72
0.61204 282.867
0.615385 283.011
0.618729 283.153
0.622074 283.294
0.625418 283.436
0.628763 283.58
0.632107 283.728
0.635452 283.879
0.638796 284.03
0.64214 284.179
0.645485 284.325
0.648829 284.465
0.652174 284.598
0.655518 284.723
0.658863 284.844
0.662207 284.963
0.665552 285.083
0.668896 285.206
0.672241 285.335
0.675585 285.468
0.67893 285.604
0.682274 285.739
0.685619 285.87
0.688963 285.996
0.692308 286.114
0.695652 286.224
0.698997 286.328
0.702341 286.428
0.705686 286.528
0.70903 286.627
0.712375 286.729
0.715719 286.834
0.719064 286.94
0.722408 287.047
0.725753 287.154
0.729097 287.259
0.732441 287.362
0.735786 287.462
0.73913 287.561
0.742475 287.659
0.745819 287.757
0.749164 287.855
0.752508 287.954
0.755853 288.054
0.759197 288.155
0.762542 288.254
0.765886 288.352
0.769231 288.448
0.772575 288.541
0.77592 288.632
0.779264 288.722
0.782609 288.812
0.785953 288.903
0.789298 288.996
0.792642 289.092
0.795987 289.191
0.799331 289.292
0.802676 289.393
0.80602 289.493
0.809365 289.591
0.812709 289.685
0.816054 289.777
0.819398 289.866
0.822742 289.952
0.826087 290.035
0.829431 290.116
0.832776 290.195
0.83612 290.273
0.839465 290.35
0.842809 290.426
0.846154 290.503
0.849498 290.581
0.852843 290.66
0.856187 290.74
0.859532 290.82
0.862876 290.898
0.866221 290.974
0.869565 291.046
0.87291 291.114
0.876254 291.178
0.879599 291.239
0.882943 291.3
0.886288 291.36
0.889632 291.422
0.892977 291.486
0.896321 291.554
0.899666 291.625
0.90301 291.7
0.906355 291.78
0.909699 291.864
0.913043 291.954
0.916388 292.047
0.919732 292.142
0.923077 292.239
0.926421 292.334
0.929766 292.427
0.93311 292.516
0.936455 292.603
0.939799 292.687
0.943144 292.771
0.946488 292.855
0.949833 292.94
0.953177 293.029
0.956522 293.12
0.959866 293.215
0.963211 293.314
0.966555 293.418
0.9699 293.526
0.973244 293.64
0.976589 293.761
0.979933 293.888
0.983278 294.022
0.986622 294.165
0.989967 294.317
0.993311 294.479
0.996656 294.651
1 294.833
