0 262.18
0.00334448 262.79
0.00668896 263.374
0.0100334 263.929
0.0133779 264.455
0.0167224 264.947
0.0200669 265.404
0.0234114 265.821
0.0267559 266.196
0.0301003 266.526
0.0334448 266.811
0.0367893 267.062
0.0401338 267.293
0.0434783 267.518
0.0468227 267.75
0.0501672 268.004
0.0535117 268.289
0.0568562 268.603
0.0602007 268.938
0.0635452 269.29
0.0668896 269.652
0.0702341 270.018
0.0735786 270.383
0.0769231 270.743
0.0802676 271.097
0.083612 271.44
0.0869565 271.772
0.090301 272.089
0.0936455 272.39
0.09699 272.675
0.100334 272.947
0.103679 273.206
0.107023 273.453
0.110368 273.692
0.113712 273.922
0.117057 274.144
0.120401 274.359
0.123746 274.565
0.12709 274.763
0.130435 274.954
0.133779 275.137
0.137124 275.312
0.140468 275.482
0.143813 275.645
0.147157 275.803
0.150502 275.957
0.153846 276.106
0.157191 276.252
0.160535 276.394
0.16388 276.533
0.167224 276.669
0.170569 276.803
0.173913 276.934
0.177258 277.063
0.180602 277.188
0.183946 277.31
0.187291 277.429
0.190635 277.543
0.19398 277.654
0.197324 277.761
0.200669 277.864
0.204013 277.964
0.207358 278.062
0.210702 278.157
0.214047 278.249
0.217391 278.339
0.220736 278.427
0.22408 278.513
0.227425 278.596
0.230769 278.677
0.234114 278.756
0.237458 278.832
0.240803 278.906
0.244147 278.979
0.247492 279.05
0.250836 279.119
0.254181 279.187
0.257525 279.253
0.26087 279.317
0.264214 279.379
0.267559 279.44
0.270903 279.497
0.274247 279.553
0.277592 279.606
0.280936 279.657
0.284281 279.707
0.287625 279.756
0.29097 279.804
0.294314 279.852
0.297659 279.898
0.301003 279.943
0.304348 279.987
0.307692 280.028
0.311037 280.068
0.314381 280.105
0.317726 280.141
0.32107 280.175
0.324415 280.209
0.327759 280.242
0.331104 280.275
0.334448 280.309
0.337793 280.342
0.341137 280.376
0.344482 280.409
0.347826 280.442
0.351171 280.475
0.354515 280.507
0.35786 280.538
0.361204 280.568
0.364548 280.597
0.367893 280.625
0.371237 280.651
0.374582 280.677
0.377926 280.701
0.381271 280.724
0.384615 280.746
0.38796 280.767
0.391304 280.786
0.394649 280.805
0.397993 280.823
0.401338 280.841
0.404682 280.858
0.408027 280.875
0.411371 280.893
0.414716 280.911
0.41806 280.93
0.421405 280.951
0.424749 280.972
0.428094 280.996
0.431438 281.022
0.434783 281.049
0.438127 281.079
0.441472 281.109
0.444816 281.139
0.448161 281.169
0.451505 281.198
0.454849 281.226
0.458194 281.253
0.461538 281.279
0.464883 281.304
0.468227 281.328
0.471572 281.351
0.474916 281.373
0.478261 281.395
0.481605 281.416
0.48495 281.437
0.488294 281.457
0.491639 281.477
0.494983 281.496
0.498328 281.514
0.501672 281.531
0.505017 281.548
0.508361 281.563
0.511706 281.576
0.51505 281.589
0.518395 281.6
0.521739 281.612
0.525084 281.623
0.528428 281.636
0.531773 281.649
0.535117 281.664
0.538462 281.679
0.541806 281.694
0.545151 281.708
0.548495 281.721
0.551839 281.732
0.555184 281.741
0.558528 281.749
0.561873 281.755
0.565217 281.761
0.568562 281.767
0.571906 281.773
0.575251 281.78
0.578595 281.786
0.58194 281.792
0.585284 281.797
0.588629 281.801
0.591973 281.802
0.595318 281.803
0.598662 281.802
0.602007 281.8
0.605351 281.799
0.608696 281.799
0.61204 281.801
0.615385 281.803
0.618729 281.807
0.622074 281.812
0.625418 281.817
0.628763 281.823
0.632107 281.828
0.635452 281.832
0.638796 281.836
0.64214 281.84
0.645485 281.843
0.648829 281.846
0.652174 281.848
0.655518 281.849
0.658863 281.85
0.662207 281.851
0.665552 281.851
0.668896 281.851
0.672241 281.85
0.675585 281.849
0.67893 281.849
0.682274 281.848
0.685619 281.847
0.688963 281.846
0.692308 281.845
0.695652 281.844
0.698997 281.843
0.702341 281.842
0.705686 281.84
0.70903 281.838
0.712375 281.835
0.715719 281.832
0.719064 281.828
0.722408 281.826
0.725753 281.823
0.729097 281.822
0.732441 281.822
0.735786 281.823
0.73913 281.823
0.742475 281.82
0.745819 281.813
0.749164 281.8
0.752508 281.78
0.755853 281.757
0.759197 281.737
0.762542 281.726
0.765886 281.731
0.769231 281.756
0.772575 281.807
0.77592 281.883
0.779264 281.976
0.782609 282.083
0.785953 282.196
0.789298 282.31
0.792642 282.419
0.795987 282.523
0.799331 282.623
0.802676 282.718
0.80602 282.811
0.809365 282.901
0.812709 282.99
0.816054 283.077
0.819398 283.164
0.822742 283.25
0.826087 283.335
0.829431 283.42
0.832776 283.505
0.83612 283.59
0.839465 283.677
0.842809 283.765
0.846154 283.855
0.849498 283.948
0.852843 284.045
0.856187 284.144
0.859532 284.245
0.862876 284.347
0.866221 284.451
0.869565 284.555
0.87291 284.658
0.876254 284.761
0.879599 284.863
0.882943 284.964
0.886288 285.064
0.889632 285.162
0.892977 285.259
0.896321 285.355
0.899666 285.45
0.90301 285.545
0.906355 285.64
0.909699 285.737
0.913043 285.835
0.916388 285.935
0.919732 286.036
0.923077 286.138
0.926421 286.24
0.929766 286.344
0.93311 286.447
0.936455 286.55
0.939799 286.653
0.943144 286.755
0.946488 286.855
0.949833 286.954
0.953177 287.051
0.956522 287.146
0.959866 287.24
0.963211 287.332
0.966555 287.424
0.9699 287.515
0.973244 287.606
0.976589 287.696
0.979933 287.786
0.983278 287.875
0.986622 287.962
0.989967 288.048
0.993311 288.131
0.996656 288.213
1 288.292
