0 220.24
0.00334448 218.695
0.00668896 217.324
0.0100334 216.13
0.0133779 215.111
0.0167224 214.264
0.0200669 213.585
0.0234114 213.07
0.0267559 212.714
0.0301003 212.514
0.0334448 212.461
0.0367893 212.531
0.0401338 212.696
0.0434783 212.93
0.0468227 213.205
0.0501672 213.493
0.0535117 213.773
0.0568562 214.041
0.0602007 214.298
0.0635452 214.546
0.0668896 214.786
0.0702341 215.017
0.0735786 215.241
0.0769231 215.458
0.0802676 215.666
0.083612 215.864
0.0869565 216.053
0.090301 216.231
0.0936455 216.399
0.09699 216.557
0.100334 216.709
0.103679 216.855
0.107023 217
0.110368 217.144
0.113712 217.289
0.117057 217.434
0.120401 217.577
0.123746 217.716
0.12709 217.85
0.130435 217.977
0.133779 218.096
0.137124 218.207
0.140468 218.31
0.143813 218.406
0.147157 218.495
0.150502 218.577
0.153846 218.653
0.157191 218.725
0.160535 218.794
0.16388 218.863
0.167224 218.933
0.170569 219.007
0.173913 219.085
0.177258 219.165
0.180602 219.247
0.183946 219.328
0.187291 219.407
0.190635 219.482
0.19398 219.552
0.197324 219.617
0.200669 219.677
0.204013 219.732
0.207358 219.782
0.210702 219.827
0.214047 219.869
0.217391 219.907
0.220736 219.945
0.22408 219.985
0.227425 220.027
0.230769 220.074
0.234114 220.126
0.237458 220.182
0.240803 220.239
0.244147 220.295
0.247492 220.349
0.250836 220.398
0.254181 220.441
0.257525 220.48
0.26087 220.514
0.264214 220.546
0.267559 220.576
0.270903 220.605
0.274247 220.635
0.277592 220.666
0.280936 220.695
0.284281 220.725
0.287625 220.754
0.29097 220.782
0.294314 220.808
0.297659 220.834
0.301003 220.858
0.304348 220.88
0.307692 220.9
0.311037 220.918
0.314381 220.934
0.317726 220.948
0.32107 220.962
0.324415 220.974
0.327759 220.987
0.331104 221.001
0.334448 221.015
0.337793 221.029
0.341137 221.043
0.344482 221.055
0.347826 221.064
0.351171 221.07
0.354515 221.073
0.35786 221.073
0.361204 221.072
0.364548 221.07
0.367893 221.069
0.371237 221.069
0.374582 221.07
0.377926 221.072
0.381271 221.076
0.384615 221.079
0.38796 221.081
0.391304 221.083
0.394649 221.083
0.397993 221.081
0.401338 221.077
0.404682 221.07
0.408027 221.061
0.411371 221.048
0.414716 221.033
0.41806 221.015
0.421405 220.994
0.424749 220.971
0.428094 220.946
0.431438 220.92
0.434783 220.893
0.438127 220.865
0.441472 220.835
0.444816 220.803
0.448161 220.769
0.451505 220.733
0.454849 220.695
0.458194 220.655
0.461538 220.615
0.464883 220.575
0.468227 220.535
0.471572 220.496
0.474916 220.458
0.478261 220.421
0.481605 220.383
0.48495 220.345
0.488294 220.305
0.491639 220.264
0.494983 220.221
0.498328 220.176
0.501672 220.128
0.505017 220.077
0.508361 220.025
0.511706 219.969
0.51505 219.911
0.518395 219.85
0.521739 219.788
0.525084 219.724
0.528428 219.659
0.531773 219.592
0.535117 219.525
0.538462 219.457
0.541806 219.387
0.545151 219.315
0.548495 219.241
0.551839 219.165
0.555184 219.086
0.558528 219.004
0.561873 218.921
0.565217 218.836
0.568562 218.749
0.571906 218.661
0.575251 218.571
0.578595 218.481
0.58194 218.39
0.585284 218.297
0.588629 218.205
0.591973 218.111
0.595318 218.018
0.598662 217.924
0.602007 217.83
0.605351 217.737
0.608696 217.644
0.61204 217.552
0.615385 217.461
0.618729 217.37
0.622074 217.279
0.625418 217.189
0.628763 217.097
0.632107 217.005
0.635452 216.912
0.638796 216.818
0.64214 216.724
0.645485 216.628
0.648829 216.532
0.652174 216.434
0.655518 216.336
0.658863 216.236
0.662207 216.135
0.665552 216.031
0.668896 215.926
0.672241 215.818
0.675585 215.708
0.67893 215.597
0.682274 215.486
0.685619 215.375
0.688963 215.266
0.692308 215.16
0.695652 215.057
0.698997 214.955
0.702341 214.854
0.705686 214.754
0.70903 214.655
0.712375 214.554
0.715719 214.453
0.719064 214.351
0.722408 214.249
0.725753 214.145
0.729097 214.041
0.732441 213.935
0.735786 213.829
0.73913 213.722
0.742475 213.614
0.745819 213.506
0.749164 213.397
0.752508 213.288
0.755853 213.179
0.759197 213.069
0.762542 212.96
0.765886 212.85
0.769231 212.74
0.772575 212.63
0.77592 212.519
0.779264 212.408
0.782609 212.296
0.785953 212.183
0.789298 212.068
0.792642 211.951
0.795987 211.833
0.799331 211.715
0.802676 211.598
0.80602 211.484
0.809365 211.374
0.812709 211.269
0.816054 211.168
0.819398 211.07
0.822742 210.974
0.826087 210.877
0.829431 210.78
0.832776 210.68
0.83612 210.579
0.839465 210.478
0.842809 210.377
0.846154 210.279
0.849498 210.184
0.852843 210.093
0.856187 210.007
0.859532 209.924
0.862876 209.844
0.866221 209.765
0.869565 209.687
0.87291 209.609
0.876254 209.532
0.879599 209.454
0.882943 209.376
0.886288 209.299
0.889632 209.221
0.892977 209.144
0.896321 209.068
0.899666 208.991
0.90301 208.915
0.906355 208.838
0.909699 208.761
0.913043 208.684
0.916388 208.606
0.919732 208.527
0.923077 208.445
0.926421 208.359
0.929766 208.27
0.93311 208.176
0.936455 208.079
0.939799 207.981
0.943144 207.883
0.946488 207.788
0.949833 207.698
0.953177 207.613
0.956522 207.531
0.959866 207.446
0.963211 207.354
0.966555 207.252
0.9699 207.133
0.973244 206.996
0.976589 206.838
0.979933 206.662
0.983278 206.467
0.986622 206.254
0.989967 206.025
0.993311 205.779
0.996656 205.516
1 205.239
