0 0
0.015625 5.47717
0.03125 10.9417
0.046875 16.3939
0.0625 21.8338
0.078125 27.2617
0.09375 32.678
0.109375 38.0831
0.125 43.4776
0.140625 48.8619
0.15625 54.2364
0.171875 59.6016
0.1875 64.9579
0.203125 70.3055
0.21875 75.6448
0.234375 80.9758
0.25 86.2989
0.265625 91.614
0.28125 96.9214
0.296875 102.221
0.3125 107.513
0.328125 112.797
0.34375 118.074
0.359375 123.343
0.375 128.603
0.390625 133.856
0.40625 139.101
0.421875 144.338
0.4375 149.567
0.453125 154.787
0.46875 159.998
0.484375 165.201
0.5 170.394
0.515625 175.578
0.53125 180.753
0.546875 185.918
0.5625 191.072
0.578125 196.216
0.59375 201.35
0.609375 206.472
0.625 211.583
0.640625 216.682
0.65625 221.769
0.671875 226.843
0.6875 231.905
0.703125 236.953
0.71875 241.987
0.734375 247.008
0.75 252.014
0.765625 257.005
0.78125 261.981
0.796875 266.941
0.8125 271.885
0.828125 276.812
0.84375 281.722
0.859375 286.614
0.875 291.488
0.890625 296.344
0.90625 301.18
0.921875 305.997
0.9375 310.794
0.953125 315.569
0.96875 320.324
0.984375 325.056
1 329.766

0 -0.00199473
0.00334448 1.17214
0.00668896 2.34559
0.0100334 3.51838
0.0133779 4.69051
0.0167224 5.86198
0.0200669 7.0328
0.0234114 8.20299
0.0267559 9.37254
0.0301003 10.5415
0.0334448 11.7098
0.0367893 12.8775
0.0401338 14.0446
0.0434783 15.2111
0.0468227 16.377
0.0501672 17.5423
0.0535117 18.7071
0.0568562 19.8713
0.0602007 21.0349
0.0635452 22.198
0.0668896 23.3605
0.0702341 24.5225
0.0735786 25.6839
0.0769231 26.8448
0.0802676 28.0051
0.083612 29.165
0.0869565 30.3243
0.090301 31.4831
0.0936455 32.6414
0.09699 33.7992
0.100334 34.9565
0.103679 36.1134
0.107023 37.2697
0.110368 38.4255
0.113712 39.5809
0.117057 40.7358
0.120401 41.8902
0.123746 43.0442
0.12709 44.1977
0.130435 45.3507
0.133779 46.5033
0.137124 47.6554
0.140468 48.8071
0.143813 49.9584
0.147157 51.1092
0.150502 52.2596
0.153846 53.4095
0.157191 54.5591
0.160535 55.7082
0.16388 56.8569
0.167224 58.0051
0.170569 59.153
0.173913 60.3004
0.177258 61.4475
0.180602 62.5941
0.183946 63.7403
0.187291 64.8861
0.190635 66.0316
0.19398 67.1766
0.197324 68.3212
0.200669 69.4655
0.204013 70.6094
0.207358 71.7528
0.210702 72.8959
0.214047 74.0386
0.217391 75.181
0.220736 76.3229
0.22408 77.4645
0.227425 78.6057
0.230769 79.7466
0.234114 80.887
0.237458 82.0271
0.240803 83.1668
0.244147 84.3062
0.247492 85.4452
0.250836 86.5838
0.254181 87.7221
0.257525 88.86
0.26087 89.9975
0.264214 91.1347
0.267559 92.2716
0.270903 93.408
0.274247 94.5441
0.277592 95.6799
0.280936 96.8153
0.284281 97.9503
0.287625 99.085
0.29097 100.219
0.294314 101.353
0.297659 102.487
0.301003 103.62
0.304348 104.753
0.307692 105.886
0.311037 107.018
0.314381 108.15
0.317726 109.281
0.32107 110.412
0.324415 111.543
0.327759 112.674
0.331104 113.804
0.334448 114.934
0.337793 116.063
0.341137 117.192
0.344482 118.321
0.347826 119.449
0.351171 120.577
0.354515 121.705
0.35786 122.832
0.361204 123.959
0.364548 125.085
0.367893 126.211
0.371237 127.337
0.374582 128.463
0.377926 129.588
0.381271 130.713
0.384615 131.837
0.38796 132.961
0.391304 134.085
0.394649 135.208
0.397993 136.331
0.401338 137.453
0.404682 138.576
0.408027 139.697
0.411371 140.819
0.414716 141.94
0.41806 143.06
0.421405 144.181
0.424749 145.301
0.428094 146.42
0.431438 147.539
0.434783 148.658
0.438127 149.776
0.441472 150.894
0.444816 152.012
0.448161 153.129
0.451505 154.246
0.454849 155.362
0.458194 156.478
0.461538 157.594
0.464883 158.709
0.468227 159.824
0.471572 160.939
0.474916 162.053
0.478261 163.166
0.481605 164.279
0.48495 165.392
0.488294 166.504
0.491639 167.616
0.494983 168.728
0.498328 169.839
0.501672 170.95
0.505017 172.06
0.508361 173.17
0.511706 174.279
0.51505 175.388
0.518395 176.496
0.521739 177.604
0.525084 178.712
0.528428 179.819
0.531773 180.926
0.535117 182.032
0.538462 183.138
0.541806 184.243
0.545151 185.348
0.548495 186.453
0.551839 187.556
0.555184 188.66
0.558528 189.763
0.561873 190.865
0.565217 191.968
0.568562 193.069
0.571906 194.17
0.575251 195.271
0.578595 196.371
0.58194 197.47
0.585284 198.57
0.588629 199.668
0.591973 200.766
0.595318 201.864
0.598662 202.961
0.602007 204.058
0.605351 205.154
0.608696 206.249
0.61204 207.344
0.615385 208.439
0.618729 209.533
0.622074 210.626
0.625418 211.719
0.628763 212.812
0.632107 213.903
0.635452 214.995
0.638796 216.085
0.64214 217.176
0.645485 218.265
0.648829 219.354
0.652174 220.443
0.655518 221.531
0.658863 222.618
0.662207 223.705
0.665552 224.791
0.668896 225.877
0.672241 226.962
0.675585 228.046
0.67893 229.13
0.682274 230.213
0.685619 231.296
0.688963 232.378
0.692308 233.459
0.695652 234.54
0.698997 235.62
0.702341 236.7
0.705686 237.779
0.70903 238.857
0.712375 239.935
0.715719 241.012
0.719064 242.088
0.722408 243.164
0.725753 244.239
0.729097 245.314
0.732441 246.387
0.735786 247.461
0.73913 248.533
0.742475 249.605
0.745819 250.676
0.749164 251.747
0.752508 252.816
0.755853 253.885
0.759197 254.954
0.762542 256.022
0.765886 257.089
0.769231 258.155
0.772575 259.22
0.77592 260.285
0.779264 261.35
0.782609 262.413
0.785953 263.476
0.789298 264.538
0.792642 265.599
0.795987 266.659
0.799331 267.719
0.802676 268.778
0.80602 269.837
0.809365 270.894
0.812709 271.951
0.816054 273.007
0.819398 274.062
0.822742 275.117
0.826087 276.17
0.829431 277.223
0.832776 278.275
0.83612 279.327
0.839465 280.377
0.842809 281.427
0.846154 282.476
0.849498 283.524
0.852843 284.571
0.856187 285.618
0.859532 286.663
0.862876 287.708
0.866221 288.752
0.869565 289.795
0.87291 290.837
0.876254 291.879
0.879599 292.919
0.882943 293.959
0.886288 294.998
0.889632 296.036
0.892977 297.073
0.896321 298.109
0.899666 299.144
0.90301 300.179
0.906355 301.212
0.909699 302.245
0.913043 303.277
0.916388 304.308
0.919732 305.337
0.923077 306.366
0.926421 307.395
0.929766 308.422
0.93311 309.448
0.936455 310.473
0.939799 311.497
0.943144 312.521
0.946488 313.543
0.949833 314.565
0.953177 315.585
0.956522 316.604
0.959866 317.623
0.963211 318.64
0.966555 319.657
0.9699 320.673
0.973244 321.687
0.976589 322.701
0.979933 323.713
0.983278 324.725
0.986622 325.735
0.989967 326.744
0.993311 327.753
0.996656 328.76
1 329.766
