0 0
0.005 3.28688
0.01 6.57287
0.015 9.8579
0.02 13.1419
0.025 16.4249
0.03 19.7068
0.035 22.9877
0.04 26.2676
0.045 29.5464
0.05 32.8241
0.055 36.1008
0.06 39.3765
0.065 42.6511
0.07 45.9247
0.075 49.1973
0.08 52.4688
0.085 55.7392
0.09 59.0086
0.095 62.277
0.1 65.5443
0.105 68.8106
0.11 72.0759
0.115 75.34
0.12 78.6032
0.125 81.8653
0.13 85.1264
0.135 88.3864
0.14 91.6453
0.145 94.9032
0.15 98.1601
0.155 101.416
0.16 104.671
0.165 107.924
0.17 111.177
0.175 114.429
0.18 117.679
0.185 120.929
0.19 124.177
0.195 127.425
0.2 130.671
0.205 133.916
0.21 137.161
0.215 140.404
0.22 143.646
0.225 146.887
0.23 150.127
0.235 153.366
0.24 156.604
0.245 159.841
0.25 163.077
0.255 166.312
0.26 169.545
0.265 172.778
0.27 176.009
0.275 179.24
0.28 182.469
0.285 185.698
0.29 188.925
0.295 192.151
0.3 195.376
0.305 198.6
0.31 201.823
0.315 205.045
0.32 208.266
0.325 211.486
0.33 214.705
0.335 217.922
0.34 221.139
0.345 224.354
0.35 227.569
0.355 230.782
0.36 233.994
0.365 237.205
0.37 240.415
0.375 243.624
0.38 246.831
0.385 250.038
0.39 253.244
0.395 256.448
0.4 259.651
0.405 262.853
0.41 266.055
0.415 269.254
0.42 272.453
0.425 275.651
0.43 278.847
0.435 282.043
0.44 285.237
0.445 288.43
0.45 291.622
0.455 294.813
0.46 298.003
0.465 301.191
0.47 304.379
0.475 307.565
0.48 310.75
0.485 313.934
0.49 317.117
0.495 320.298
0.5 323.479
0.505 326.658
0.51 329.836
0.515 333.013
0.52 336.188
0.525 339.363
0.53 342.536
0.535 345.708
0.54 348.879
0.545 352.049
0.55 355.217
0.555 358.385
0.56 361.551
0.565 364.716
0.57 367.88
0.575 371.042
0.58 374.203
0.585 377.363
0.59 380.522
0.595 383.68
0.6 386.836
0.605 389.991
0.61 393.145
0.615 396.298
0.62 399.449
0.625 402.6
0.63 405.749
0.635 408.896
0.64 412.043
0.645 415.188
0.65 418.332
0.655 421.475
0.66 424.617
0.665 427.757
0.67 430.897
0.675 434.034
0.68 437.171
0.685 440.307
0.69 443.441
0.695 446.574
0.7 449.706
0.705 452.837
0.71 455.966
0.715 459.094
0.72 462.221
0.725 465.347
0.73 468.472
0.735 471.595
0.74 474.718
0.745 477.839
0.75 480.959
0.755 484.078
0.76 487.195
0.765 490.312
0.77 493.427
0.775 496.541
0.78 499.655
0.785 502.767
0.79 505.878
0.795 508.987
0.8 512.096
0.805 515.204
0.81 518.311
0.815 521.416
0.82 524.521
0.825 527.624
0.83 530.727
0.835 533.829
0.84 536.929
0.845 540.029
0.85 543.128
0.855 546.226
0.86 549.323
0.865 552.419
0.87 555.515
0.875 558.609
0.88 561.703
0.885 564.796
0.89 567.888
0.895 570.98
0.9 574.071
0.905 577.161
0.91 580.251
0.915 583.34
0.92 586.428
0.925 589.516
0.93 592.604
0.935 595.691
0.94 598.778
0.945 601.864
0.95 604.95
0.955 608.035
0.96 611.121
0.965 614.206
0.97 617.291
0.975 620.376
0.98 623.46
0.985 626.545
0.99 629.63
0.995 632.715
1 635.8

0 0.000996518
0.00334448 2.19961
0.00668896 4.39779
0.0100334 6.59552
0.0133779 8.7928
0.0167224 10.9896
0.0200669 13.186
0.0234114 15.382
0.0267559 17.5775
0.0301003 19.7725
0.0334448 21.9671
0.0367893 24.1612
0.0401338 26.3549
0.0434783 28.5481
0.0468227 30.7409
0.0501672 32.9332
0.0535117 35.1251
0.0568562 37.3164
0.0602007 39.5074
0.0635452 41.6979
0.0668896 43.8879
0.0702341 46.0774
0.0735786 48.2665
0.0769231 50.4551
0.0802676 52.6433
0.083612 54.831
0.0869565 57.0182
0.090301 59.205
0.0936455 61.3913
0.09699 63.5772
0.100334 65.7625
0.103679 67.9474
0.107023 70.1319
0.110368 72.3159
0.113712 74.4994
0.117057 76.6824
0.120401 78.865
0.123746 81.0471
0.12709 83.2287
0.130435 85.4099
0.133779 87.5906
0.137124 89.7708
0.140468 91.9506
0.143813 94.1299
0.147157 96.3087
0.150502 98.487
0.153846 100.665
0.157191 102.842
0.160535 105.019
0.16388 107.196
0.167224 109.372
0.170569 111.547
0.173913 113.722
0.177258 115.897
0.180602 118.071
0.183946 120.245
0.187291 122.418
0.190635 124.591
0.19398 126.763
0.197324 128.934
0.200669 131.106
0.204013 133.277
0.207358 135.447
0.210702 137.617
0.214047 139.786
0.217391 141.955
0.220736 144.123
0.22408 146.291
0.227425 148.459
0.230769 150.626
0.234114 152.793
0.237458 154.959
0.240803 157.124
0.244147 159.289
0.247492 161.454
0.250836 163.618
0.254181 165.782
0.257525 167.945
0.26087 170.108
0.264214 172.27
0.267559 174.432
0.270903 176.593
0.274247 178.754
0.277592 180.914
0.280936 183.074
0.284281 185.234
0.287625 187.393
0.29097 189.551
0.294314 191.709
0.297659 193.866
0.301003 196.023
0.304348 198.18
0.307692 200.336
0.311037 202.492
0.314381 204.647
0.317726 206.801
0.32107 208.955
0.324415 211.109
0.327759 213.262
0.331104 215.415
0.334448 217.567
0.337793 219.719
0.341137 221.87
0.344482 224.021
0.347826 226.171
0.351171 228.321
0.354515 230.47
0.35786 232.619
0.361204 234.767
0.364548 236.915
0.367893 239.062
0.371237 241.209
0.374582 243.355
0.377926 245.501
0.381271 247.646
0.384615 249.791
0.38796 251.935
0.391304 254.079
0.394649 256.223
0.397993 258.365
0.401338 260.508
0.404682 262.65
0.408027 264.791
0.411371 266.932
0.414716 269.072
0.41806 271.212
0.421405 273.351
0.424749 275.49
0.428094 277.628
0.431438 279.766
0.434783 281.904
0.438127 284.04
0.441472 286.177
0.444816 288.313
0.448161 290.448
0.451505 292.583
0.454849 294.717
0.458194 296.851
0.461538 298.984
0.464883 301.116
0.468227 303.249
0.471572 305.38
0.474916 307.512
0.478261 309.642
0.481605 311.772
0.48495 313.902
0.488294 316.031
0.491639 318.16
0.494983 320.288
0.498328 322.415
0.501672 324.542
0.505017 326.669
0.508361 328.794
0.511706 330.92
0.51505 333.045
0.518395 335.169
0.521739 337.293
0.525084 339.416
0.528428 341.539
0.531773 343.661
0.535117 345.783
0.538462 347.904
0.541806 350.025
0.545151 352.145
0.548495 354.264
0.551839 356.383
0.555184 358.502
0.558528 360.619
0.561873 362.737
0.565217 364.854
0.568562 366.97
0.571906 369.086
0.575251 371.201
0.578595 373.316
0.58194 375.43
0.585284 377.543
0.588629 379.656
0.591973 381.769
0.595318 383.881
0.598662 385.992
0.602007 388.103
0.605351 390.213
0.608696 392.323
0.61204 394.432
0.615385 396.541
0.618729 398.649
0.622074 400.756
0.625418 402.863
0.628763 404.97
0.632107 407.076
0.635452 409.181
0.638796 411.286
0.64214 413.39
0.645485 415.494
0.648829 417.597
0.652174 419.699
0.655518 421.801
0.658863 423.903
0.662207 426.004
0.665552 428.104
0.668896 430.204
0.672241 432.303
0.675585 434.402
0.67893 436.5
0.682274 438.598
0.685619 440.695
0.688963 442.791
0.692308 444.887
0.695652 446.983
0.698997 449.078
0.702341 451.172
0.705686 453.266
0.70903 455.359
0.712375 457.452
0.715719 459.544
0.719064 461.636
0.722408 463.727
0.725753 465.818
0.729097 467.908
0.732441 469.997
0.735786 472.086
0.73913 474.175
0.742475 476.263
0.745819 478.35
0.749164 480.437
0.752508 482.523
0.755853 484.609
0.759197 486.695
0.762542 488.779
0.765886 490.864
0.769231 492.948
0.772575 495.031
0.77592 497.114
0.779264 499.196
0.782609 501.278
0.785953 503.359
0.789298 505.44
0.792642 507.521
0.795987 509.6
0.799331 511.68
0.802676 513.759
0.80602 515.837
0.809365 517.915
0.812709 519.993
0.816054 522.07
0.819398 524.147
0.822742 526.223
0.826087 528.299
0.829431 530.374
0.832776 532.449
0.83612 534.523
0.839465 536.597
0.842809 538.671
0.846154 540.744
0.849498 542.817
0.852843 544.889
0.856187 546.961
0.859532 549.033
0.862876 551.104
0.866221 553.175
0.869565 555.246
0.87291 557.316
0.876254 559.385
0.879599 561.455
0.882943 563.524
0.886288 565.593
0.889632 567.661
0.892977 569.729
0.896321 571.797
0.899666 573.865
0.90301 575.932
0.906355 577.999
0.909699 580.065
0.913043 582.132
0.916388 584.198
0.919732 586.264
0.923077 588.329
0.926421 590.395
0.929766 592.46
0.93311 594.525
0.936455 596.59
0.939799 598.654
0.943144 600.719
0.946488 602.783
0.949833 604.847
0.953177 606.911
0.956522 608.975
0.959866 611.039
0.963211 613.102
0.966555 615.166
0.9699 617.229
0.973244 619.292
0.976589 621.356
0.979933 623.419
0.983278 625.482
0.986622 627.545
0.989967 629.609
0.993311 631.672
0.996656 633.735
1 635.798
