0 273.375
0.00334448 273.503
0.00668896 273.626
0.0100334 273.748
0.0133779 273.871
0.0167224 273.999
0.0200669 274.138
0.0234114 274.293
0.0267559 274.469
0.0301003 274.672
0.0334448 274.903
0.0367893 275.158
0.0401338 275.426
0.0434783 275.7
0.0468227 275.97
0.0501672 276.228
0.0535117 276.469
0.0568562 276.699
0.0602007 276.929
0.0635452 277.169
0.0668896 277.428
0.0702341 277.716
0.0735786 278.039
0.0769231 278.393
0.0802676 278.771
0.083612 279.167
0.0869565 279.574
0.090301 279.984
0.0936455 280.394
0.09699 280.802
0.100334 281.208
0.103679 281.613
0.107023 282.015
0.110368 282.416
0.113712 282.816
0.117057 283.215
0.120401 283.616
0.123746 284.019
0.12709 284.426
0.130435 284.838
0.133779 285.257
0.137124 285.679
0.140468 286.105
0.143813 286.532
0.147157 286.958
0.150502 287.382
0.153846 287.802
0.157191 288.219
0.160535 288.634
0.16388 289.046
0.167224 289.455
0.170569 289.863
0.173913 290.27
0.177258 290.675
0.180602 291.079
0.183946 291.48
0.187291 291.881
0.190635 292.279
0.19398 292.676
0.197324 293.071
0.200669 293.465
0.204013 293.857
0.207358 294.248
0.210702 294.637
0.214047 295.025
0.217391 295.412
0.220736 295.797
0.22408 296.18
0.227425 296.562
0.230769 296.942
0.234114 297.32
0.237458 297.697
0.240803 298.071
0.244147 298.445
0.247492 298.817
0.250836 299.188
0.254181 299.558
0.257525 299.926
0.26087 300.294
0.264214 300.659
0.267559 301.023
0.270903 301.386
0.274247 301.746
0.277592 302.105
0.280936 302.462
0.284281 302.818
0.287625 303.171
0.29097 303.523
0.294314 303.874
0.297659 304.223
0.301003 304.57
0.304348 304.917
0.307692 305.262
0.311037 305.606
0.314381 305.949
0.317726 306.291
0.32107 306.631
0.324415 306.97
0.327759 307.306
0.331104 307.64
0.334448 307.971
0.337793 308.3
0.341137 308.627
0.344482 308.953
0.347826 309.278
0.351171 309.602
0.354515 309.925
0.35786 310.248
0.361204 310.569
0.364548 310.889
0.367893 311.207
0.371237 311.523
0.374582 311.836
0.377926 312.148
0.381271 312.459
0.384615 312.769
0.38796 313.08
0.391304 313.391
0.394649 313.703
0.397993 314.015
0.401338 314.329
0.404682 314.644
0.408027 314.959
0.411371 315.274
0.414716 315.59
0.41806 315.906
0.421405 316.221
0.424749 316.535
0.428094 316.847
0.431438 317.158
0.434783 317.467
0.438127 317.773
0.441472 318.078
0.444816 318.382
0.448161 318.684
0.451505 318.985
0.454849 319.286
0.458194 319.586
0.461538 319.884
0.464883 320.182
0.468227 320.478
0.471572 320.774
0.474916 321.068
0.478261 321.361
0.481605 321.653
0.48495 321.943
0.488294 322.233
0.491639 322.521
0.494983 322.809
0.498328 323.096
0.501672 323.381
0.505017 323.665
0.508361 323.949
0.511706 324.231
0.51505 324.511
0.518395 324.791
0.521739 325.071
0.525084 325.35
0.528428 325.628
0.531773 325.907
0.535117 326.185
0.538462 326.463
0.541806 326.74
0.545151 327.016
0.548495 327.289
0.551839 327.561
0.555184 327.83
0.558528 328.098
0.561873 328.364
0.565217 328.631
0.568562 328.897
0.571906 329.165
0.575251 329.434
0.578595 329.703
0.58194 329.971
0.585284 330.239
0.588629 330.506
0.591973 330.771
0.595318 331.034
0.598662 331.295
0.602007 331.555
0.605351 331.815
0.608696 332.074
0.61204 332.334
0.615385 332.593
0.618729 332.853
0.622074 333.113
0.625418 333.373
0.628763 333.633
0.632107 333.893
0.635452 334.154
0.638796 334.414
0.64214 334.674
0.645485 334.932
0.648829 335.189
0.652174 335.444
0.655518 335.698
0.658863 335.951
0.662207 336.203
0.665552 336.456
0.668896 336.709
0.672241 336.962
0.675585 337.217
0.67893 337.472
0.682274 337.728
0.685619 337.985
0.688963 338.241
0.692308 338.497
0.695652 338.753
0.698997 339.009
0.702341 339.264
0.705686 339.519
0.70903 339.774
0.712375 340.027
0.715719 340.281
0.719064 340.534
0.722408 340.787
0.725753 341.04
0.729097 341.293
0.732441 341.546
0.735786 341.8
0.73913 342.054
0.742475 342.309
0.745819 342.565
0.749164 342.822
0.752508 343.081
0.755853 343.341
0.759197 343.602
0.762542 343.863
0.765886 344.124
0.769231 344.384
0.772575 344.642
0.77592 344.9
0.779264 345.158
0.782609 345.415
0.785953 345.673
0.789298 345.932
0.792642 346.192
0.795987 346.454
0.799331 346.717
0.802676 346.981
0.80602 347.246
0.809365 347.511
0.812709 347.777
0.816054 348.043
0.819398 348.309
0.822742 348.576
0.826087 348.845
0.829431 349.115
0.832776 349.386
0.83612 349.658
0.839465 349.932
0.842809 350.206
0.846154 350.481
0.849498 350.755
0.852843 351.029
0.856187 351.303
0.859532 351.578
0.862876 351.853
0.866221 352.13
0.869565 352.409
0.87291 352.69
0.876254 352.973
0.879599 353.258
0.882943 353.544
0.886288 353.83
0.889632 354.117
0.892977 354.404
0.896321 354.692
0.899666 354.98
0.90301 355.27
0.906355 355.562
0.909699 355.857
0.913043 356.155
0.916388 356.456
0.919732 356.759
0.923077 357.064
0.926421 357.368
0.929766 357.673
0.93311 357.976
0.936455 358.279
0.939799 358.584
0.943144 358.891
0.946488 359.202
0.949833 359.518
0.953177 359.84
0.956522 360.166
0.959866 360.494
0.963211 360.823
0.966555 361.151
0.9699 361.474
0.973244 361.793
0.976589 362.106
0.979933 362.415
0.983278 362.719
0.986622 363.02
0.989967 363.318
0.993311 363.613
0.996656 363.906
1 364.198
