0 0
0.01 4.77057
0.02 9.54238
0.03 14.3158
0.04 19.0909
0.05 23.8678
0.06 28.6467
0.07 33.4275
0.08 38.2103
0.09 42.995
0.1 47.7818
0.11 52.5706
0.12 57.3613
0.13 62.154
0.14 66.9487
0.15 71.7454
0.16 76.5441
0.17 81.3447
0.18 86.1473
0.19 90.9519
0.2 95.7585
0.21 100.567
0.22 105.378
0.23 110.19
0.24 115.005
0.25 119.821
0.26 124.639
0.27 129.46
0.28 134.282
0.29 139.107
0.3 143.933
0.31 148.762
0.32 153.592
0.33 158.425
0.34 163.259
0.35 168.095
0.36 172.934
0.37 177.774
0.38 182.617
0.39 187.461
0.4 192.308
0.41 197.156
0.42 202.007
0.43 206.86
0.44 211.714
0.45 216.571
0.46 221.43
0.47 226.29
0.48 231.153
0.49 236.018
0.5 240.885
0.51 245.754
0.52 250.625
0.53 255.498
0.54 260.373
0.55 265.25
0.56 270.129
0.57 275.01
0.58 279.894
0.59 284.779
0.6 289.666
0.61 294.556
0.62 299.447
0.63 304.341
0.64 309.237
0.65 314.134
0.66 319.034
0.67 323.936
0.68 328.84
0.69 333.746
0.7 338.654
0.71 343.564
0.72 348.476
0.73 353.39
0.74 358.306
0.75 363.225
0.76 368.145
0.77 373.068
0.78 377.992
0.79 382.919
0.8 387.848
0.81 392.779
0.82 397.711
0.83 402.646
0.84 407.583
0.85 412.522
0.86 417.464
0.87 422.407
0.88 427.352
0.89 432.3
0.9 437.249
0.91 442.201
0.92 447.154
0.93 452.11
0.94 457.068
0.95 462.028
0.96 466.99
0.97 471.954
0.98 476.92
0.99 481.888
1 486.858

0 0.00135674
0.00334448 1.59622
0.00668896 3.19131
0.0100334 4.78661
0.0133779 6.38213
0.0167224 7.97786
0.0200669 9.57382
0.0234114 11.17
0.0267559 12.7664
0.0301003 14.363
0.0334448 15.9598
0.0367893 17.5569
0.0401338 19.1541
0.0434783 20.7516
0.0468227 22.3493
0.0501672 23.9472
0.0535117 25.5453
0.0568562 27.1437
0.0602007 28.7423
0.0635452 30.341
0.0668896 31.94
0.0702341 33.5393
0.0735786 35.1387
0.0769231 36.7384
0.0802676 38.3383
0.083612 39.9384
0.0869565 41.5387
0.090301 43.1392
0.0936455 44.74
0.09699 46.3409
0.100334 47.9421
0.103679 49.5435
0.107023 51.1452
0.110368 52.747
0.113712 54.3491
0.117057 55.9514
0.120401 57.5539
0.123746 59.1566
0.12709 60.7596
0.130435 62.3627
0.133779 63.9661
0.137124 65.5697
0.140468 67.1736
0.143813 68.7776
0.147157 70.3819
0.150502 71.9864
0.153846 73.5911
0.157191 75.196
0.160535 76.8011
0.16388 78.4065
0.167224 80.0121
0.170569 81.6179
0.173913 83.2239
0.177258 84.8302
0.180602 86.4367
0.183946 88.0434
0.187291 89.6503
0.190635 91.2574
0.19398 92.8648
0.197324 94.4723
0.200669 96.0801
0.204013 97.6882
0.207358 99.2964
0.210702 100.905
0.214047 102.514
0.217391 104.122
0.220736 105.732
0.22408 107.341
0.227425 108.951
0.230769 110.56
0.234114 112.17
0.237458 113.781
0.240803 115.391
0.244147 117.002
0.247492 118.613
0.250836 120.224
0.254181 121.835
0.257525 123.447
0.26087 125.058
0.264214 126.67
0.267559 128.283
0.270903 129.895
0.274247 131.508
0.277592 133.121
0.280936 134.734
0.284281 136.347
0.287625 137.961
0.29097 139.575
0.294314 141.189
0.297659 142.803
0.301003 144.417
0.304348 146.032
0.307692 147.647
0.311037 149.262
0.314381 150.878
0.317726 152.493
0.32107 154.109
0.324415 155.725
0.327759 157.341
0.331104 158.958
0.334448 160.575
0.337793 162.192
0.341137 163.809
0.344482 165.426
0.347826 167.044
0.351171 168.662
0.354515 170.28
0.35786 171.898
0.361204 173.516
0.364548 175.135
0.367893 176.754
0.371237 178.373
0.374582 179.993
0.377926 181.612
0.381271 183.232
0.384615 184.852
0.38796 186.473
0.391304 188.093
0.394649 189.714
0.397993 191.335
0.401338 192.956
0.404682 194.578
0.408027 196.199
0.411371 197.821
0.414716 199.444
0.41806 201.066
0.421405 202.689
0.424749 204.311
0.428094 205.934
0.431438 207.558
0.434783 209.181
0.438127 210.805
0.441472 212.429
0.444816 214.053
0.448161 215.677
0.451505 217.302
0.454849 218.927
0.458194 220.552
0.461538 222.177
0.464883 223.803
0.468227 225.429
0.471572 227.055
0.474916 228.681
0.478261 230.307
0.481605 231.934
0.48495 233.561
0.488294 235.188
0.491639 236.816
0.494983 238.443
0.498328 240.071
0.501672 241.699
0.505017 243.327
0.508361 244.956
0.511706 246.585
0.51505 248.214
0.518395 249.843
0.521739 251.472
0.525084 253.102
0.528428 254.732
0.531773 256.362
0.535117 257.992
0.538462 259.623
0.541806 261.254
0.545151 262.885
0.548495 264.516
0.551839 266.147
0.555184 267.779
0.558528 269.411
0.561873 271.043
0.565217 272.676
0.568562 274.308
0.571906 275.941
0.575251 277.574
0.578595 279.208
0.58194 280.841
0.585284 282.475
0.588629 284.109
0.591973 285.743
0.595318 287.378
0.598662 289.012
0.602007 290.647
0.605351 292.283
0.608696 293.918
0.61204 295.554
0.615385 297.189
0.618729 298.826
0.622074 300.462
0.625418 302.098
0.628763 303.735
0.632107 305.372
0.635452 307.01
0.638796 308.647
0.64214 310.285
0.645485 311.923
0.648829 313.561
0.652174 315.199
0.655518 316.838
0.658863 318.477
0.662207 320.116
0.665552 321.755
0.668896 323.395
0.672241 325.034
0.675585 326.675
0.67893 328.315
0.682274 329.955
0.685619 331.596
0.688963 333.237
0.692308 334.878
0.695652 336.519
0.698997 338.161
0.702341 339.803
0.705686 341.445
0.70903 343.087
0.712375 344.73
0.715719 346.373
0.719064 348.016
0.722408 349.659
0.725753 351.303
0.729097 352.946
0.732441 354.59
0.735786 356.234
0.73913 357.879
0.742475 359.523
0.745819 361.168
0.749164 362.813
0.752508 364.459
0.755853 366.104
0.759197 367.75
0.762542 369.396
0.765886 371.042
0.769231 372.689
0.772575 374.336
0.77592 375.983
0.779264 377.63
0.782609 379.277
0.785953 380.925
0.789298 382.573
0.792642 384.221
0.795987 385.869
0.799331 387.518
0.802676 389.167
0.80602 390.816
0.809365 392.465
0.812709 394.115
0.816054 395.764
0.819398 397.414
0.822742 399.065
0.826087 400.715
0.829431 402.366
0.832776 404.017
0.83612 405.668
0.839465 407.319
0.842809 408.971
0.846154 410.623
0.849498 412.275
0.852843 413.927
0.856187 415.579
0.859532 417.232
0.862876 418.885
0.866221 420.538
0.869565 422.192
0.87291 423.846
0.876254 425.5
0.879599 427.154
0.882943 428.808
0.886288 430.463
0.889632 432.118
0.892977 433.773
0.896321 435.428
0.899666 437.084
0.90301 438.739
0.906355 440.395
0.909699 442.052
0.913043 443.708
0.916388 445.365
0.919732 447.022
0.923077 448.679
0.926421 450.336
0.929766 451.994
0.93311 453.652
0.936455 455.31
0.939799 456.968
0.943144 458.627
0.946488 460.286
0.949833 461.945
0.953177 463.604
0.956522 465.263
0.959866 466.923
0.963211 468.583
0.966555 470.243
0.9699 471.904
0.973244 473.564
0.976589 475.225
0.979933 476.886
0.983278 478.548
0.986622 480.209
0.989967 481.871
0.993311 483.533
0.996656 485.196
1 486.858
