0 292.494
0.00334448 292.399
0.00668896 292.349
0.0100334 292.344
0.0133779 292.38
0.0167224 292.454
0.0200669 292.561
0.0234114 292.697
0.0267559 292.856
0.0301003 293.034
0.0334448 293.228
0.0367893 293.443
0.0401338 293.685
0.0434783 293.961
0.0468227 294.277
0.0501672 294.638
0.0535117 295.049
0.0568562 295.507
0.0602007 296.005
0.0635452 296.538
0.0668896 297.101
0.0702341 297.689
0.0735786 298.294
0.0769231 298.912
0.0802676 299.536
0.083612 300.159
0.0869565 300.775
0.090301 301.378
0.0936455 301.962
0.09699 302.524
0.100334 303.062
0.103679 303.575
0.107023 304.06
0.110368 304.515
0.113712 304.939
0.117057 305.331
0.120401 305.69
0.123746 306.018
0.12709 306.312
0.130435 306.573
0.133779 306.802
0.137124 306.997
0.140468 307.161
0.143813 307.295
0.147157 307.399
0.150502 307.474
0.153846 307.522
0.157191 307.543
0.160535 307.54
0.16388 307.515
0.167224 307.469
0.170569 307.404
0.173913 307.321
0.177258 307.223
0.180602 307.109
0.183946 306.983
0.187291 306.844
0.190635 306.694
0.19398 306.535
0.197324 306.368
0.200669 306.195
0.204013 306.016
0.207358 305.833
0.210702 305.647
0.214047 305.46
0.217391 305.271
0.220736 305.079
0.22408 304.884
0.227425 304.686
0.230769 304.485
0.234114 304.28
0.237458 304.072
0.240803 303.86
0.244147 303.645
0.247492 303.427
0.250836 303.206
0.254181 302.983
0.257525 302.756
0.26087 302.526
0.264214 302.291
0.267559 302.052
0.270903 301.807
0.274247 301.557
0.277592 301.304
0.280936 301.049
0.284281 300.796
0.287625 300.544
0.29097 300.297
0.294314 300.056
0.297659 299.818
0.301003 299.582
0.304348 299.347
0.307692 299.111
0.311037 298.873
0.314381 298.631
0.317726 298.386
0.32107 298.136
0.324415 297.882
0.327759 297.624
0.331104 297.362
0.334448 297.095
0.337793 296.824
0.341137 296.55
0.344482 296.274
0.347826 295.995
0.351171 295.715
0.354515 295.433
0.35786 295.148
0.361204 294.858
0.364548 294.563
0.367893 294.261
0.371237 293.95
0.374582 293.63
0.377926 293.301
0.381271 292.962
0.384615 292.612
0.38796 292.253
0.391304 291.884
0.394649 291.505
0.397993 291.115
0.401338 290.716
0.404682 290.308
0.408027 289.891
0.411371 289.466
0.414716 289.032
0.41806 288.59
0.421405 288.139
0.424749 287.68
0.428094 287.212
0.431438 286.735
0.434783 286.249
0.438127 285.755
0.441472 285.252
0.444816 284.74
0.448161 284.22
0.451505 283.691
0.454849 283.155
0.458194 282.61
0.461538 282.058
0.464883 281.498
0.468227 280.932
0.471572 280.359
0.474916 279.779
0.478261 279.192
0.481605 278.598
0.48495 277.997
0.488294 277.387
0.491639 276.77
0.494983 276.144
0.498328 275.511
0.501672 274.871
0.505017 274.225
0.508361 273.572
0.511706 272.915
0.51505 272.252
0.518395 271.583
0.521739 270.908
0.525084 270.225
0.528428 269.534
0.531773 268.835
0.535117 268.127
0.538462 267.413
0.541806 266.695
0.545151 265.973
0.548495 265.25
0.551839 264.528
0.555184 263.805
0.558528 263.075
0.561873 262.336
0.565217 261.581
0.568562 260.806
0.571906 260.007
0.575251 259.193
0.578595 258.382
0.58194 257.591
0.585284 256.84
0.588629 256.147
0.591973 255.53
0.595318 254.996
0.598662 254.542
0.602007 254.167
0.605351 253.868
0.608696 253.643
0.61204 253.491
0.615385 253.407
0.618729 253.39
0.622074 253.437
0.625418 253.543
0.628763 253.707
0.632107 253.925
0.635452 254.19
0.638796 254.493
0.64214 254.825
0.645485 255.177
0.648829 255.54
0.652174 255.905
0.655518 256.27
0.658863 256.637
0.662207 257.008
0.665552 257.384
0.668896 257.768
0.672241 258.163
0.675585 258.568
0.67893 258.985
0.682274 259.414
0.685619 259.857
0.688963 260.312
0.692308 260.782
0.695652 261.263
0.698997 261.75
0.702341 262.238
0.705686 262.723
0.70903 263.2
0.712375 263.665
0.715719 264.129
0.719064 264.609
0.722408 265.123
0.725753 265.689
0.729097 266.325
0.732441 267.047
0.735786 267.849
0.73913 268.714
0.742475 269.626
0.745819 270.566
0.749164 271.519
0.752508 272.469
0.755853 273.413
0.759197 274.355
0.762542 275.3
0.765886 276.252
0.769231 277.215
0.772575 278.194
0.77592 279.189
0.779264 280.198
0.782609 281.222
0.785953 282.26
0.789298 283.309
0.792642 284.371
0.795987 285.444
0.799331 286.529
0.802676 287.626
0.80602 288.736
0.809365 289.86
0.812709 290.997
0.816054 292.149
0.819398 293.314
0.822742 294.495
0.826087 295.692
0.829431 296.905
0.832776 298.134
0.83612 299.38
0.839465 300.644
0.842809 301.927
0.846154 303.228
0.849498 304.548
0.852843 305.889
0.856187 307.25
0.859532 308.634
0.862876 310.042
0.866221 311.475
0.869565 312.935
0.87291 314.423
0.876254 315.939
0.879599 317.484
0.882943 319.058
0.886288 320.663
0.889632 322.298
0.892977 323.965
0.896321 325.67
0.899666 327.419
0.90301 329.221
0.906355 331.084
0.909699 333.013
0.913043 335.016
0.916388 337.094
0.919732 339.247
0.923077 341.474
0.926421 343.774
0.929766 346.148
0.93311 348.596
0.936455 351.133
0.939799 353.775
0.943144 356.54
0.946488 359.445
0.949833 362.506
0.953177 365.742
0.956522 369.171
0.959866 372.811
0.963211 376.683
0.966555 380.805
0.9699 385.196
0.973244 389.876
0.976589 394.861
0.979933 400.169
0.983278 405.818
0.986622 411.824
0.989967 418.206
0.993311 424.978
0.996656 432.146
1 439.714
