0 0
0.01 4.66823
0.02 9.33924
0.03 14.0139
0.04 18.6927
0.05 23.3758
0.06 28.0634
0.07 32.7557
0.08 37.4527
0.09 42.1545
0.1 46.861
0.11 51.5722
0.12 56.2883
0.13 61.0092
0.14 65.7349
0.15 70.4654
0.16 75.2007
0.17 79.941
0.18 84.6861
0.19 89.4361
0.2 94.1909
0.21 98.9508
0.22 103.716
0.23 108.485
0.24 113.26
0.25 118.04
0.26 122.824
0.27 127.614
0.28 132.409
0.29 137.208
0.3 142.013
0.31 146.823
0.32 151.638
0.33 156.458
0.34 161.283
0.35 166.113
0.36 170.948
0.37 175.789
0.38 180.634
0.39 185.485
0.4 190.341
0.41 195.202
0.42 200.068
0.43 204.939
0.44 209.816
0.45 214.697
0.46 219.584
0.47 224.477
0.48 229.374
0.49 234.277
0.5 239.185
0.51 244.098
0.52 249.016
0.53 253.94
0.54 258.869
0.55 263.804
0.56 268.744
0.57 273.689
0.58 278.64
0.59 283.595
0.6 288.557
0.61 293.523
0.62 298.495
0.63 303.473
0.64 308.456
0.65 313.444
0.66 318.438
0.67 323.438
0.68 328.443
0.69 333.453
0.7 338.469
0.71 343.49
0.72 348.518
0.73 353.55
0.74 358.588
0.75 363.632
0.76 368.682
0.77 373.737
0.78 378.798
0.79 383.864
0.8 388.936
0.81 394.014
0.82 399.098
0.83 404.188
0.84 409.283
0.85 414.384
0.86 419.491
0.87 424.603
0.88 429.722
0.89 434.846
0.9 439.977
0.91 445.113
0.92 450.255
0.93 455.404
0.94 460.558
0.95 465.718
0.96 470.884
0.97 476.057
0.98 481.235
0.99 486.42
1 491.61

0 0.00282152
0.00334448 1.56268
0.00668896 3.12303
0.0100334 4.68388
0.0133779 6.24522
0.0167224 7.80706
0.0200669 9.36941
0.0234114 10.9322
0.0267559 12.4956
0.0301003 14.0594
0.0334448 15.6238
0.0367893 17.1887
0.0401338 18.754
0.0434783 20.3199
0.0468227 21.8863
0.0501672 23.4532
0.0535117 25.0206
0.0568562 26.5885
0.0602007 28.157
0.0635452 29.7259
0.0668896 31.2954
0.0702341 32.8654
0.0735786 34.4359
0.0769231 36.0069
0.0802676 37.5785
0.083612 39.1506
0.0869565 40.7232
0.090301 42.2963
0.0936455 43.8699
0.09699 45.4441
0.100334 47.0188
0.103679 48.594
0.107023 50.1698
0.110368 51.7461
0.113712 53.3229
0.117057 54.9003
0.120401 56.4782
0.123746 58.0566
0.12709 59.6355
0.130435 61.215
0.133779 62.795
0.137124 64.3756
0.140468 65.9567
0.143813 67.5384
0.147157 69.1205
0.150502 70.7033
0.153846 72.2865
0.157191 73.8703
0.160535 75.4547
0.16388 77.0395
0.167224 78.625
0.170569 80.2109
0.173913 81.7975
0.177258 83.3845
0.180602 84.9721
0.183946 86.5603
0.187291 88.149
0.190635 89.7383
0.19398 91.3281
0.197324 92.9184
0.200669 94.5093
0.204013 96.1008
0.207358 97.6928
0.210702 99.2854
0.214047 100.878
0.217391 102.472
0.220736 104.066
0.22408 105.661
0.227425 107.256
0.230769 108.852
0.234114 110.449
0.237458 112.046
0.240803 113.643
0.244147 115.241
0.247492 116.84
0.250836 118.439
0.254181 120.039
0.257525 121.64
0.26087 123.24
0.264214 124.842
0.267559 126.444
0.270903 128.047
0.274247 129.65
0.277592 131.253
0.280936 132.858
0.284281 134.463
0.287625 136.068
0.29097 137.674
0.294314 139.28
0.297659 140.888
0.301003 142.495
0.304348 144.103
0.307692 145.712
0.311037 147.322
0.314381 148.932
0.317726 150.542
0.32107 152.153
0.324415 153.765
0.327759 155.377
0.331104 156.99
0.334448 158.603
0.337793 160.217
0.341137 161.832
0.344482 163.447
0.347826 165.062
0.351171 166.678
0.354515 168.295
0.35786 169.913
0.361204 171.531
0.364548 173.149
0.367893 174.768
0.371237 176.388
0.374582 178.008
0.377926 179.629
0.381271 181.25
0.384615 182.872
0.38796 184.495
0.391304 186.118
0.394649 187.741
0.397993 189.366
0.401338 190.99
0.404682 192.616
0.408027 194.242
0.411371 195.868
0.414716 197.496
0.41806 199.123
0.421405 200.752
0.424749 202.381
0.428094 204.01
0.431438 205.64
0.434783 207.271
0.438127 208.902
0.441472 210.534
0.444816 212.166
0.448161 213.799
0.451505 215.433
0.454849 217.067
0.458194 218.701
0.461538 220.337
0.464883 221.973
0.468227 223.609
0.471572 225.246
0.474916 226.884
0.478261 228.522
0.481605 230.161
0.48495 231.8
0.488294 233.44
0.491639 235.081
0.494983 236.722
0.498328 238.364
0.501672 240.006
0.505017 241.649
0.508361 243.293
0.511706 244.937
0.51505 246.581
0.518395 248.227
0.521739 249.873
0.525084 251.519
0.528428 253.166
0.531773 254.814
0.535117 256.462
0.538462 258.111
0.541806 259.76
0.545151 261.41
0.548495 263.061
0.551839 264.712
0.555184 266.364
0.558528 268.017
0.561873 269.67
0.565217 271.323
0.568562 272.978
0.571906 274.632
0.575251 276.288
0.578595 277.944
0.58194 279.601
0.585284 281.258
0.588629 282.916
0.591973 284.574
0.595318 286.233
0.598662 287.893
0.602007 289.553
0.605351 291.214
0.608696 292.875
0.61204 294.537
0.615385 296.2
0.618729 297.863
0.622074 299.527
0.625418 301.192
0.628763 302.857
0.632107 304.523
0.635452 306.189
0.638796 307.856
0.64214 309.523
0.645485 311.191
0.648829 312.86
0.652174 314.53
0.655518 316.2
0.658863 317.87
0.662207 319.541
0.665552 321.213
0.668896 322.886
0.672241 324.559
0.675585 326.232
0.67893 327.907
0.682274 329.582
0.685619 331.257
0.688963 332.933
0.692308 334.61
0.695652 336.287
0.698997 337.965
0.702341 339.644
0.705686 341.323
0.70903 343.003
0.712375 344.684
0.715719 346.365
0.719064 348.046
0.722408 349.729
0.725753 351.412
0.729097 353.095
0.732441 354.78
0.735786 356.464
0.73913 358.15
0.742475 359.836
0.745819 361.523
0.749164 363.21
0.752508 364.898
0.755853 366.587
0.759197 368.276
0.762542 369.966
0.765886 371.657
0.769231 373.348
0.772575 375.04
0.77592 376.732
0.779264 378.425
0.782609 380.119
0.785953 381.813
0.789298 383.508
0.792642 385.204
0.795987 386.9
0.799331 388.597
0.802676 390.294
0.80602 391.993
0.809365 393.691
0.812709 395.391
0.816054 397.091
0.819398 398.792
0.822742 400.493
0.826087 402.195
0.829431 403.898
0.832776 405.601
0.83612 407.305
0.839465 409.01
0.842809 410.715
0.846154 412.421
0.849498 414.128
0.852843 415.835
0.856187 417.543
0.859532 419.251
0.862876 420.961
0.866221 422.671
0.869565 424.381
0.87291 426.092
0.876254 427.804
0.879599 429.516
0.882943 431.23
0.886288 432.943
0.889632 434.658
0.892977 436.373
0.896321 438.089
0.899666 439.805
0.90301 441.522
0.906355 443.24
0.909699 444.959
0.913043 446.678
0.916388 448.397
0.919732 450.118
0.923077 451.839
0.926421 453.561
0.929766 455.283
0.93311 457.006
0.936455 458.73
0.939799 460.455
0.943144 462.18
0.946488 463.905
0.949833 465.632
0.953177 467.359
0.956522 469.087
0.959866 470.815
0.963211 472.544
0.966555 474.274
0.9699 476.005
0.973244 477.736
0.976589 479.468
0.979933 481.2
0.983278 482.934
0.986622 484.668
0.989967 486.402
0.993311 488.138
0.996656 489.873
1 491.61
