0 363.17
0.00334448 365.307
0.00668896 367.349
0.0100334 369.297
0.0133779 371.153
0.0167224 372.921
0.0200669 374.605
0.0234114 376.21
0.0267559 377.74
0.0301003 379.2
0.0334448 380.595
0.0367893 381.927
0.0401338 383.202
0.0434783 384.421
0.0468227 385.589
0.0501672 386.709
0.0535117 387.785
0.0568562 388.823
0.0602007 389.827
0.0635452 390.805
0.0668896 391.76
0.0702341 392.698
0.0735786 393.624
0.0769231 394.536
0.0802676 395.429
0.083612 396.301
0.0869565 397.148
0.090301 397.967
0.0936455 398.757
0.09699 399.524
0.100334 400.277
0.103679 401.022
0.107023 401.768
0.110368 402.522
0.113712 403.289
0.117057 404.06
0.120401 404.829
0.123746 405.585
0.12709 406.32
0.130435 407.025
0.133779 407.697
0.137124 408.34
0.140468 408.966
0.143813 409.581
0.147157 410.196
0.150502 410.819
0.153846 411.455
0.157191 412.101
0.160535 412.754
0.16388 413.408
0.167224 414.06
0.170569 414.706
0.173913 415.341
0.177258 415.965
0.180602 416.577
0.183946 417.176
0.187291 417.763
0.190635 418.335
0.19398 418.894
0.197324 419.442
0.200669 419.983
0.204013 420.519
0.207358 421.055
0.210702 421.592
0.214047 422.134
0.217391 422.677
0.220736 423.221
0.22408 423.763
0.227425 424.301
0.230769 424.832
0.234114 425.357
0.237458 425.874
0.240803 426.386
0.244147 426.892
0.247492 427.393
0.250836 427.891
0.254181 428.384
0.257525 428.875
0.26087 429.364
0.264214 429.852
0.267559 430.339
0.270903 430.825
0.274247 431.311
0.277592 431.794
0.280936 432.27
0.284281 432.738
0.287625 433.195
0.29097 433.638
0.294314 434.067
0.297659 434.488
0.301003 434.904
0.304348 435.322
0.307692 435.746
0.311037 436.183
0.314381 436.633
0.317726 437.093
0.32107 437.556
0.324415 438.019
0.327759 438.477
0.331104 438.924
0.334448 439.357
0.337793 439.779
0.341137 440.188
0.344482 440.587
0.347826 440.977
0.351171 441.358
0.354515 441.734
0.35786 442.106
0.361204 442.479
0.364548 442.857
0.367893 443.243
0.371237 443.641
0.374582 444.051
0.377926 444.469
0.381271 444.892
0.384615 445.316
0.38796 445.735
0.391304 446.146
0.394649 446.547
0.397993 446.937
0.401338 447.319
0.404682 447.691
0.408027 448.055
0.411371 448.41
0.414716 448.759
0.41806 449.104
0.421405 449.447
0.424749 449.791
0.428094 450.138
0.431438 450.491
0.434783 450.85
0.438127 451.212
0.441472 451.575
0.444816 451.936
0.448161 452.291
0.451505 452.64
0.454849 452.981
0.458194 453.318
0.461538 453.656
0.464883 453.998
0.468227 454.347
0.471572 454.708
0.474916 455.08
0.478261 455.456
0.481605 455.83
0.48495 456.196
0.488294 456.548
0.491639 456.879
0.494983 457.191
0.498328 457.49
0.501672 457.785
0.505017 458.083
0.508361 458.392
0.511706 458.72
0.51505 459.066
0.518395 459.422
0.521739 459.779
0.525084 460.131
0.528428 460.468
0.531773 460.783
0.535117 461.076
0.538462 461.357
0.541806 461.633
0.545151 461.914
0.548495 462.208
0.551839 462.525
0.555184 462.863
0.558528 463.216
0.561873 463.574
0.565217 463.931
0.568562 464.277
0.571906 464.606
0.575251 464.917
0.578595 465.215
0.58194 465.506
0.585284 465.794
0.588629 466.087
0.591973 466.387
0.595318 466.697
0.598662 467.014
0.602007 467.334
0.605351 467.654
0.608696 467.971
0.61204 468.282
0.615385 468.586
0.618729 468.883
0.622074 469.172
0.625418 469.455
0.628763 469.731
0.632107 470
0.635452 470.264
0.638796 470.527
0.64214 470.794
0.645485 471.068
0.648829 471.354
0.652174 471.653
0.655518 471.966
0.658863 472.286
0.662207 472.607
0.665552 472.925
0.668896 473.233
0.672241 473.527
0.675585 473.806
0.67893 474.074
0.682274 474.336
0.685619 474.595
0.688963 474.854
0.692308 475.118
0.695652 475.387
0.698997 475.658
0.702341 475.93
0.705686 476.201
0.70903 476.47
0.712375 476.734
0.715719 476.994
0.719064 477.253
0.722408 477.512
0.725753 477.774
0.729097 478.039
0.732441 478.311
0.735786 478.588
0.73913 478.868
0.742475 479.15
0.745819 479.432
0.749164 479.713
0.752508 479.99
0.755853 480.263
0.759197 480.535
0.762542 480.807
0.765886 481.079
0.769231 481.353
0.772575 481.63
0.77592 481.909
0.779264 482.19
0.782609 482.472
0.785953 482.752
0.789298 483.031
0.792642 483.307
0.795987 483.579
0.799331 483.849
0.802676 484.116
0.80602 484.381
0.809365 484.644
0.812709 484.906
0.816054 485.165
0.819398 485.421
0.822742 485.672
0.826087 485.918
0.829431 486.158
0.832776 486.39
0.83612 486.617
0.839465 486.841
0.842809 487.066
0.846154 487.295
0.849498 487.53
0.852843 487.773
0.856187 488.024
0.859532 488.278
0.862876 488.533
0.866221 488.785
0.869565 489.032
0.87291 489.27
0.876254 489.503
0.879599 489.735
0.882943 489.97
0.886288 490.213
0.889632 490.469
0.892977 490.741
0.896321 491.025
0.899666 491.316
0.90301 491.609
0.906355 491.896
0.909699 492.173
0.913043 492.436
0.916388 492.685
0.919732 492.923
0.923077 493.155
0.926421 493.384
0.929766 493.612
0.93311 493.843
0.936455 494.077
0.939799 494.312
0.943144 494.548
0.946488 494.783
0.949833 495.016
0.953177 495.248
0.956522 495.477
0.959866 495.707
0.963211 495.939
0.966555 496.173
0.9699 496.412
0.973244 496.657
0.976589 496.907
0.979933 497.164
0.983278 497.426
0.986622 497.695
0.989967 497.97
0.993311 498.251
0.996656 498.538
1 498.831
