0 57.2597
0.00334448 57.34
0.00668896 57.4201
0.0100334 57.5001
0.0133779 57.58
0.0167224 57.6597
0.0200669 57.7394
0.0234114 57.819
0.0267559 57.8985
0.0301003 57.978
0.0334448 58.0576
0.0367893 58.1372
0.0401338 58.2168
0.0434783 58.2966
0.0468227 58.3764
0.0501672 58.4565
0.0535117 58.5367
0.0568562 58.6172
0.0602007 58.6978
0.0635452 58.7785
0.0668896 58.8595
0.0702341 58.9406
0.0735786 59.0219
0.0769231 59.1035
0.0802676 59.1855
0.083612 59.268
0.0869565 59.3513
0.090301 59.4353
0.0936455 59.5203
0.09699 59.6059
0.100334 59.6921
0.103679 59.7786
0.107023 59.8653
0.110368 59.9519
0.113712 60.0385
0.117057 60.125
0.120401 60.2119
0.123746 60.2993
0.12709 60.3874
0.130435 60.4764
0.133779 60.5666
0.137124 60.6577
0.140468 60.7496
0.143813 60.8422
0.147157 60.9351
0.150502 61.0284
0.153846 61.1218
0.157191 61.2154
0.160535 61.3094
0.16388 61.4038
0.167224 61.4987
0.170569 61.5942
0.173913 61.6905
0.177258 61.7873
0.180602 61.8848
0.183946 61.9827
0.187291 62.0811
0.190635 62.1799
0.19398 62.2791
0.197324 62.3787
0.200669 62.4787
0.204013 62.5791
0.207358 62.6801
0.210702 62.7815
0.214047 62.8835
0.217391 62.986
0.220736 63.089
0.22408 63.1925
0.227425 63.2963
0.230769 63.4006
0.234114 63.5052
0.237458 63.6105
0.240803 63.7165
0.244147 63.8234
0.247492 63.9315
0.250836 64.0409
0.254181 64.1516
0.257525 64.2634
0.26087 64.3759
0.264214 64.4887
0.267559 64.6016
0.270903 64.7143
0.274247 64.8265
0.277592 64.9386
0.280936 65.0507
0.284281 65.1633
0.287625 65.2765
0.29097 65.3907
0.294314 65.5058
0.297659 65.6218
0.301003 65.7384
0.304348 65.8552
0.307692 65.9721
0.311037 66.0889
0.314381 66.2055
0.317726 66.3224
0.32107 66.4403
0.324415 66.5596
0.327759 66.6808
0.331104 66.8047
0.334448 66.9311
0.337793 67.0595
0.341137 67.189
0.344482 67.3191
0.347826 67.4489
0.351171 67.5778
0.354515 67.7055
0.35786 67.8326
0.361204 67.9597
0.364548 68.0874
0.367893 68.2164
0.371237 68.3472
0.374582 68.48
0.377926 68.6143
0.381271 68.7498
0.384615 68.8858
0.38796 69.022
0.391304 69.1578
0.394649 69.2931
0.397993 69.4282
0.401338 69.5637
0.404682 69.6999
0.408027 69.8371
0.411371 69.9759
0.414716 70.1163
0.41806 70.258
0.421405 70.4008
0.424749 70.5444
0.428094 70.6884
0.431438 70.8326
0.434783 70.977
0.438127 71.1218
0.441472 71.2671
0.444816 71.4133
0.448161 71.5605
0.451505 71.7089
0.454849 71.8587
0.458194 72.0098
0.461538 72.1621
0.464883 72.3155
0.468227 72.4699
0.471572 72.6254
0.474916 72.7818
0.478261 72.9393
0.481605 73.0978
0.48495 73.2576
0.488294 73.4185
0.491639 73.5807
0.494983 73.7441
0.498328 73.9085
0.501672 74.0736
0.505017 74.2392
0.508361 74.405
0.511706 74.5709
0.51505 74.7369
0.518395 74.9034
0.521739 75.0707
0.525084 75.2392
0.528428 75.4092
0.531773 75.5811
0.535117 75.7549
0.538462 75.9306
0.541806 76.1079
0.545151 76.2866
0.548495 76.4665
0.551839 76.6474
0.555184 76.8293
0.558528 77.0122
0.561873 77.1958
0.565217 77.3804
0.568562 77.5657
0.571906 77.7518
0.575251 77.9389
0.578595 78.127
0.58194 78.3166
0.585284 78.5079
0.588629 78.701
0.591973 78.8963
0.595318 79.0938
0.598662 79.2931
0.602007 79.4941
0.605351 79.6966
0.608696 79.9003
0.61204 80.105
0.615385 80.3106
0.618729 80.5172
0.622074 80.7249
0.625418 80.9336
0.628763 81.1434
0.632107 81.3545
0.635452 81.5668
0.638796 81.7807
0.64214 81.9963
0.645485 82.2138
0.648829 82.4334
0.652174 82.6553
0.655518 82.8794
0.658863 83.1055
0.662207 83.3332
0.665552 83.5623
0.668896 83.7924
0.672241 84.0235
0.675585 84.2554
0.67893 84.4887
0.682274 84.7237
0.685619 84.9608
0.688963 85.2003
0.692308 85.4426
0.695652 85.6876
0.698997 85.9354
0.702341 86.1857
0.705686 86.4383
0.70903 86.6932
0.712375 86.9502
0.715719 87.2092
0.719064 87.4701
0.722408 87.7331
0.725753 87.9979
0.729097 88.2646
0.732441 88.5332
0.735786 88.8037
0.73913 89.0765
0.742475 89.3516
0.745819 89.6293
0.749164 89.9098
0.752508 90.1933
0.755853 90.4798
0.759197 90.769
0.762542 91.0611
0.765886 91.3557
0.769231 91.6527
0.772575 91.9522
0.77592 92.2542
0.779264 92.5588
0.782609 92.8664
0.785953 93.1771
0.789298 93.4912
0.792642 93.8088
0.795987 94.1299
0.799331 94.4543
0.802676 94.7819
0.80602 95.1125
0.809365 95.4461
0.812709 95.7823
0.816054 96.1215
0.819398 96.4641
0.822742 96.8104
0.826087 97.1607
0.829431 97.5154
0.832776 97.8749
0.83612 98.2391
0.839465 98.6078
0.842809 98.9808
0.846154 99.3579
0.849498 99.7391
0.852843 100.124
0.856187 100.513
0.859532 100.906
0.862876 101.302
0.866221 101.703
0.869565 102.108
0.87291 102.517
0.876254 102.931
0.879599 103.35
0.882943 103.774
0.886288 104.203
0.889632 104.638
0.892977 105.08
0.896321 105.527
0.899666 105.982
0.90301 106.442
0.906355 106.909
0.909699 107.383
0.913043 107.864
0.916388 108.351
0.919732 108.845
0.923077 109.346
0.926421 109.853
0.929766 110.368
0.93311 110.889
0.936455 111.417
0.939799 111.953
0.943144 112.496
0.946488 113.046
0.949833 113.605
0.953177 114.173
0.956522 114.749
0.959866 115.335
0.963211 115.93
0.966555 116.535
0.9699 117.151
0.973244 117.778
0.976589 118.416
0.979933 119.065
0.983278 119.726
0.986622 120.4
0.989967 121.085
0.993311 121.784
0.996656 122.495
1 123.219
