0 0
0.00333333 1.90204
0.00666667 3.80431
0.01 5.70683
0.0133333 7.60959
0.0166667 9.51259
0.02 11.4159
0.0233333 13.3194
0.0266667 15.2232
0.03 17.1272
0.0333333 19.0316
0.0366667 20.9362
0.04 22.8411
0.0433333 24.7463
0.0466667 26.6518
0.05 28.5576
0.0533333 30.4637
0.0566667 32.3701
0.06 34.2769
0.0633333 36.184
0.0666667 38.0914
0.07 39.9992
0.0733333 41.9073
0.0766667 43.8157
0.08 45.7246
0.0833333 47.6338
0.0866667 49.5433
0.09 51.4533
0.0933333 53.3636
0.0966667 55.2743
0.1 57.1854
0.103333 59.097
0.106667 61.0089
0.11 62.9212
0.113333 64.834
0.116667 66.7472
0.12 68.6608
0.123333 70.5749
0.126667 72.4894
0.13 74.4044
0.133333 76.3199
0.136667 78.2358
0.14 80.1522
0.143333 82.069
0.146667 83.9864
0.15 85.9042
0.153333 87.8225
0.156667 89.7414
0.16 91.6607
0.163333 93.5806
0.166667 95.501
0.17 97.4219
0.173333 99.3434
0.176667 101.265
0.18 103.188
0.183333 105.111
0.186667 107.035
0.19 108.959
0.193333 110.884
0.196667 112.809
0.2 114.735
0.203333 116.662
0.206667 118.589
0.21 120.517
0.213333 122.445
0.216667 124.374
0.22 126.304
0.223333 128.235
0.226667 130.165
0.23 132.097
0.233333 134.029
0.236667 135.962
0.24 137.896
0.243333 139.83
0.246667 141.765
0.25 143.701
0.253333 145.637
0.256667 147.575
0.26 149.512
0.263333 151.451
0.266667 153.39
0.27 155.33
0.273333 157.271
0.276667 159.212
0.28 161.155
0.283333 163.098
0.286667 165.042
0.29 166.986
0.293333 168.932
0.296667 170.878
0.3 172.825
0.303333 174.772
0.306667 176.721
0.31 178.671
0.313333 180.621
0.316667 182.572
0.32 184.524
0.323333 186.477
0.326667 188.43
0.33 190.385
0.333333 192.34
0.336667 194.297
0.34 196.254
0.343333 198.212
0.346667 200.171
0.35 202.131
0.353333 204.092
0.356667 206.054
0.36 208.017
0.363333 209.98
0.366667 211.945
0.37 213.911
0.373333 215.877
0.376667 217.845
0.38 219.814
0.383333 221.783
0.386667 223.754
0.39 225.725
0.393333 227.698
0.396667 229.672
0.4 231.647
0.403333 233.623
0.406667 235.599
0.41 237.577
0.413333 239.556
0.416667 241.537
0.42 243.518
0.423333 245.5
0.426667 247.484
0.43 249.468
0.433333 251.454
0.436667 253.441
0.44 255.429
0.443333 257.418
0.446667 259.409
0.45 261.4
0.453333 263.393
0.456667 265.387
0.46 267.383
0.463333 269.379
0.466667 271.377
0.47 273.376
0.473333 275.376
0.476667 277.377
0.48 279.38
0.483333 281.384
0.486667 283.389
0.49 285.396
0.493333 287.404
0.496667 289.413
0.5 291.424
0.503333 293.436
0.506667 295.449
0.51 297.464
0.513333 299.48
0.516667 301.498
0.52 303.516
0.523333 305.537
0.526667 307.559
0.53 309.582
0.533333 311.606
0.536667 313.633
0.54 315.66
0.543333 317.689
0.546667 319.72
0.55 321.752
0.553333 323.786
0.556667 325.821
0.56 327.857
0.563333 329.896
0.566667 331.936
0.57 333.977
0.573333 336.02
0.576667 338.065
0.58 340.111
0.583333 342.159
0.586667 344.208
0.59 346.26
0.593333 348.313
0.596667 350.367
0.6 352.424
0.603333 354.482
0.606667 356.541
0.61 358.603
0.613333 360.666
0.616667 362.731
0.62 364.798
0.623333 366.867
0.626667 368.937
0.63 371.01
0.633333 373.084
0.636667 375.16
0.64 377.238
0.643333 379.317
0.646667 381.399
0.65 383.483
0.653333 385.568
0.656667 387.656
0.66 389.745
0.663333 391.837
0.666667 393.93
0.67 396.026
0.673333 398.123
0.676667 400.223
0.68 402.325
0.683333 404.429
0.686667 406.534
0.69 408.643
0.693333 410.753
0.696667 412.865
0.7 414.98
0.703333 417.096
0.706667 419.215
0.71 421.336
0.713333 423.46
0.716667 425.585
0.72 427.713
0.723333 429.844
0.726667 431.976
0.73 434.111
0.733333 436.249
0.736667 438.388
0.74 440.531
0.743333 442.675
0.746667 444.822
0.75 446.972
0.753333 449.124
0.756667 451.278
0.76 453.435
0.763333 455.595
0.766667 457.757
0.77 459.922
0.773333 462.09
0.776667 464.26
0.78 466.432
0.783333 468.608
0.786667 470.786
0.79 472.967
0.793333 475.151
0.796667 477.337
0.8 479.527
0.803333 481.719
0.806667 483.914
0.81 486.112
0.813333 488.313
0.816667 490.517
0.82 492.724
0.823333 494.934
0.826667 497.147
0.83 499.363
0.833333 501.582
0.836667 503.804
0.84 506.03
0.843333 508.258
0.846667 510.49
0.85 512.725
0.853333 514.963
0.856667 517.205
0.86 519.45
0.863333 521.698
0.866667 523.95
0.87 526.205
0.873333 528.464
0.876667 530.726
0.88 532.992
0.883333 535.261
0.886667 537.534
0.89 539.811
0.893333 542.091
0.896667 544.375
0.9 546.663
0.903333 548.955
0.906667 551.25
0.91 553.55
0.913333 555.853
0.916667 558.16
0.92 560.471
0.923333 562.787
0.926667 565.106
0.93 567.43
0.933333 569.758
0.936667 572.09
0.94 574.426
0.943333 576.766
0.946667 579.111
0.95 581.461
0.953333 583.815
0.956667 586.173
0.96 588.536
0.963333 590.904
0.966667 593.276
0.97 595.653
0.973333 598.035
0.976667 600.422
0.98 602.813
0.983333 605.21
0.986667 607.612
0.99 610.018
0.993333 612.43
0.996667 614.847
1 617.27

0 0.0052462
0.00334448 1.91274
0.00668896 3.82055
0.0100334 5.72866
0.0133779 7.63709
0.0167224 9.54583
0.0200669 11.4549
0.0234114 13.3643
0.0267559 15.274
0.0301003 17.184
0.0334448 19.0943
0.0367893 21.005
0.0401338 22.916
0.0434783 24.8274
0.0468227 26.739
0.0501672 28.6511
0.0535117 30.5635
0.0568562 32.4762
0.0602007 34.3893
0.0635452 36.3027
0.0668896 38.2165
0.0702341 40.1307
0.0735786 42.0453
0.0769231 43.9602
0.0802676 45.8755
0.083612 47.7912
0.0869565 49.7073
0.090301 51.6237
0.0936455 53.5406
0.09699 55.4579
0.100334 57.3756
0.103679 59.2937
0.107023 61.2122
0.110368 63.1311
0.113712 65.0505
0.117057 66.9703
0.120401 68.8906
0.123746 70.8113
0.12709 72.7324
0.130435 74.654
0.133779 76.5761
0.137124 78.4986
0.140468 80.4216
0.143813 82.3451
0.147157 84.2691
0.150502 86.1936
0.153846 88.1185
0.157191 90.044
0.160535 91.97
0.16388 93.8965
0.167224 95.8235
0.170569 97.751
0.173913 99.6791
0.177258 101.608
0.180602 103.537
0.183946 105.467
0.187291 107.397
0.190635 109.328
0.19398 111.259
0.197324 113.191
0.200669 115.124
0.204013 117.057
0.207358 118.991
0.210702 120.925
0.214047 122.86
0.217391 124.796
0.220736 126.732
0.22408 128.669
0.227425 130.607
0.230769 132.545
0.234114 134.484
0.237458 136.423
0.240803 138.364
0.244147 140.304
0.247492 142.246
0.250836 144.188
0.254181 146.131
0.257525 148.075
0.26087 150.019
0.264214 151.965
0.267559 153.91
0.270903 155.857
0.274247 157.804
0.277592 159.753
0.280936 161.701
0.284281 163.651
0.287625 165.602
0.29097 167.553
0.294314 169.505
0.297659 171.458
0.301003 173.411
0.304348 175.366
0.307692 177.321
0.311037 179.277
0.314381 181.234
0.317726 183.192
0.32107 185.15
0.324415 187.11
0.327759 189.07
0.331104 191.032
0.334448 192.994
0.337793 194.957
0.341137 196.921
0.344482 198.886
0.347826 200.852
0.351171 202.818
0.354515 204.786
0.35786 206.755
0.361204 208.724
0.364548 210.695
0.367893 212.666
0.371237 214.639
0.374582 216.612
0.377926 218.587
0.381271 220.563
0.384615 222.539
0.38796 224.517
0.391304 226.495
0.394649 228.475
0.397993 230.456
0.401338 232.438
0.404682 234.42
0.408027 236.404
0.411371 238.389
0.414716 240.376
0.41806 242.363
0.421405 244.351
0.424749 246.341
0.428094 248.331
0.431438 250.323
0.434783 252.316
0.438127 254.31
0.441472 256.305
0.444816 258.302
0.448161 260.3
0.451505 262.298
0.454849 264.298
0.458194 266.3
0.461538 268.302
0.464883 270.306
0.468227 272.311
0.471572 274.317
0.474916 276.325
0.478261 278.334
0.481605 280.344
0.48495 282.355
0.488294 284.368
0.491639 286.382
0.494983 288.398
0.498328 290.415
0.501672 292.433
0.505017 294.452
0.508361 296.473
0.511706 298.495
0.51505 300.519
0.518395 302.544
0.521739 304.571
0.525084 306.599
0.528428 308.628
0.531773 310.659
0.535117 312.691
0.538462 314.725
0.541806 316.76
0.545151 318.797
0.548495 320.835
0.551839 322.875
0.555184 324.916
0.558528 326.959
0.561873 329.004
0.565217 331.05
0.568562 333.098
0.571906 335.147
0.575251 337.198
0.578595 339.25
0.58194 341.304
0.585284 343.36
0.588629 345.418
0.591973 347.477
0.595318 349.538
0.598662 351.6
0.602007 353.664
0.605351 355.73
0.608696 357.798
0.61204 359.868
0.615385 361.939
0.618729 364.012
0.622074 366.087
0.625418 368.164
0.628763 370.242
0.632107 372.323
0.635452 374.405
0.638796 376.489
0.64214 378.575
0.645485 380.663
0.648829 382.753
0.652174 384.845
0.655518 386.939
0.658863 389.034
0.662207 391.132
0.665552 393.232
0.668896 395.334
0.672241 397.437
0.675585 399.543
0.67893 401.651
0.682274 403.761
0.685619 405.873
0.688963 407.988
0.692308 410.104
0.695652 412.223
0.698997 414.344
0.702341 416.467
0.705686 418.592
0.70903 420.719
0.712375 422.849
0.715719 424.981
0.719064 427.115
0.722408 429.252
0.725753 431.391
0.729097 433.532
0.732441 435.676
0.735786 437.822
0.73913 439.971
0.742475 442.122
0.745819 444.275
0.749164 446.431
0.752508 448.589
0.755853 450.75
0.759197 452.914
0.762542 455.08
0.765886 457.249
0.769231 459.42
0.772575 461.594
0.77592 463.771
0.779264 465.95
0.782609 468.132
0.785953 470.317
0.789298 472.505
0.792642 474.695
0.795987 476.888
0.799331 479.085
0.802676 481.284
0.80602 483.485
0.809365 485.69
0.812709 487.898
0.816054 490.109
0.819398 492.322
0.822742 494.539
0.826087 496.759
0.829431 498.982
0.832776 501.208
0.83612 503.437
0.839465 505.67
0.842809 507.905
0.846154 510.144
0.849498 512.387
0.852843 514.632
0.856187 516.881
0.859532 519.133
0.862876 521.389
0.866221 523.648
0.869565 525.91
0.87291 528.176
0.876254 530.446
0.879599 532.719
0.882943 534.996
0.886288 537.276
0.889632 539.56
0.892977 541.848
0.896321 544.14
0.899666 546.435
0.90301 548.734
0.906355 551.037
0.909699 553.344
0.913043 555.655
0.916388 557.97
0.919732 560.289
0.923077 562.612
0.926421 564.939
0.929766 567.27
0.93311 569.605
0.936455 571.945
0.939799 574.289
0.943144 576.637
0.946488 578.99
0.949833 581.347
0.953177 583.708
0.956522 586.074
0.959866 588.444
0.963211 590.819
0.966555 593.199
0.9699 595.583
0.973244 597.972
0.976589 600.366
0.979933 602.765
0.983278 605.168
0.986622 607.577
0.989967 609.99
0.993311 612.408
0.996656 614.832
1 617.26
