0 233.979
0.00334448 235.45
0.00668896 236.86
0.0100334 238.21
0.0133779 239.502
0.0167224 240.736
0.0200669 241.915
0.0234114 243.042
0.0267559 244.119
0.0301003 245.148
0.0334448 246.132
0.0367893 247.073
0.0401338 247.973
0.0434783 248.835
0.0468227 249.662
0.0501672 250.455
0.0535117 251.218
0.0568562 251.951
0.0602007 252.658
0.0635452 253.34
0.0668896 253.999
0.0702341 254.637
0.0735786 255.255
0.0769231 255.856
0.0802676 256.441
0.083612 257.012
0.0869565 257.57
0.090301 258.117
0.0936455 258.654
0.09699 259.181
0.100334 259.699
0.103679 260.208
0.107023 260.708
0.110368 261.198
0.113712 261.68
0.117057 262.153
0.120401 262.619
0.123746 263.079
0.12709 263.532
0.130435 263.98
0.133779 264.424
0.137124 264.863
0.140468 265.298
0.143813 265.728
0.147157 266.153
0.150502 266.574
0.153846 266.991
0.157191 267.402
0.160535 267.809
0.16388 268.212
0.167224 268.609
0.170569 269.002
0.173913 269.39
0.177258 269.773
0.180602 270.153
0.183946 270.528
0.187291 270.9
0.190635 271.268
0.19398 271.634
0.197324 271.996
0.200669 272.355
0.204013 272.71
0.207358 273.062
0.210702 273.409
0.214047 273.753
0.217391 274.093
0.220736 274.43
0.22408 274.766
0.227425 275.1
0.230769 275.433
0.234114 275.765
0.237458 276.097
0.240803 276.428
0.244147 276.759
0.247492 277.088
0.250836 277.417
0.254181 277.744
0.257525 278.07
0.26087 278.394
0.264214 278.717
0.267559 279.039
0.270903 279.359
0.274247 279.677
0.277592 279.992
0.280936 280.305
0.284281 280.614
0.287625 280.919
0.29097 281.22
0.294314 281.516
0.297659 281.809
0.301003 282.099
0.304348 282.387
0.307692 282.674
0.311037 282.962
0.314381 283.25
0.317726 283.538
0.32107 283.825
0.324415 284.111
0.327759 284.396
0.331104 284.678
0.334448 284.957
0.337793 285.234
0.341137 285.508
0.344482 285.78
0.347826 286.05
0.351171 286.318
0.354515 286.583
0.35786 286.847
0.361204 287.11
0.364548 287.372
0.367893 287.632
0.371237 287.893
0.374582 288.153
0.377926 288.411
0.381271 288.668
0.384615 288.923
0.38796 289.176
0.391304 289.425
0.394649 289.671
0.397993 289.915
0.401338 290.158
0.404682 290.4
0.408027 290.644
0.411371 290.889
0.414716 291.135
0.41806 291.384
0.421405 291.634
0.424749 291.884
0.428094 292.134
0.431438 292.385
0.434783 292.635
0.438127 292.884
0.441472 293.131
0.444816 293.378
0.448161 293.623
0.451505 293.865
0.454849 294.106
0.458194 294.346
0.461538 294.584
0.464883 294.821
0.468227 295.059
0.471572 295.296
0.474916 295.533
0.478261 295.77
0.481605 296.006
0.48495 296.241
0.488294 296.475
0.491639 296.706
0.494983 296.936
0.498328 297.164
0.501672 297.39
0.505017 297.615
0.508361 297.84
0.511706 298.063
0.51505 298.287
0.518395 298.51
0.521739 298.733
0.525084 298.956
0.528428 299.179
0.531773 299.402
0.535117 299.625
0.538462 299.848
0.541806 300.07
0.545151 300.291
0.548495 300.51
0.551839 300.726
0.555184 300.941
0.558528 301.156
0.561873 301.372
0.565217 301.592
0.568562 301.817
0.571906 302.048
0.575251 302.285
0.578595 302.527
0.58194 302.772
0.585284 303.017
0.588629 303.261
0.591973 303.502
0.595318 303.74
0.598662 303.977
0.602007 304.213
0.605351 304.45
0.608696 304.689
0.61204 304.932
0.615385 305.178
0.618729 305.426
0.622074 305.674
0.625418 305.922
0.628763 306.168
0.632107 306.412
0.635452 306.652
0.638796 306.891
0.64214 307.13
0.645485 307.37
0.648829 307.611
0.652174 307.857
0.655518 308.105
0.658863 308.355
0.662207 308.607
0.665552 308.857
0.668896 309.106
0.672241 309.352
0.675585 309.596
0.67893 309.839
0.682274 310.081
0.685619 310.324
0.688963 310.57
0.692308 310.818
0.695652 311.07
0.698997 311.323
0.702341 311.578
0.705686 311.832
0.70903 312.086
0.712375 312.338
0.715719 312.588
0.719064 312.838
0.722408 313.087
0.725753 313.338
0.729097 313.59
0.732441 313.845
0.735786 314.102
0.73913 314.36
0.742475 314.618
0.745819 314.876
0.749164 315.132
0.752508 315.387
0.755853 315.639
0.759197 315.891
0.762542 316.143
0.765886 316.396
0.769231 316.652
0.772575 316.911
0.77592 317.173
0.779264 317.437
0.782609 317.701
0.785953 317.964
0.789298 318.226
0.792642 318.486
0.795987 318.743
0.799331 318.998
0.802676 319.252
0.80602 319.506
0.809365 319.761
0.812709 320.017
0.816054 320.275
0.819398 320.535
0.822742 320.798
0.826087 321.064
0.829431 321.333
0.832776 321.606
0.83612 321.882
0.839465 322.16
0.842809 322.44
0.846154 322.719
0.849498 322.997
0.852843 323.273
0.856187 323.548
0.859532 323.823
0.862876 324.1
0.866221 324.38
0.869565 324.666
0.87291 324.957
0.876254 325.253
0.879599 325.55
0.882943 325.848
0.886288 326.142
0.889632 326.431
0.892977 326.713
0.896321 326.989
0.899666 327.262
0.90301 327.535
0.906355 327.812
0.909699 328.094
0.913043 328.384
0.916388 328.681
0.919732 328.983
0.923077 329.287
0.926421 329.592
0.929766 329.896
0.93311 330.196
0.936455 330.493
0.939799 330.788
0.943144 331.081
0.946488 331.375
0.949833 331.669
0.953177 331.965
0.956522 332.262
0.959866 332.56
0.963211 332.858
0.966555 333.155
0.9699 333.451
0.973244 333.746
0.976589 334.038
0.979933 334.33
0.983278 334.62
0.986622 334.91
0.989967 335.199
0.993311 335.488
0.996656 335.777
1 336.066
