0 0
0.0025 1.94219
0.005 3.88444
0.0075 5.82674
0.01 7.7691
0.0125 9.71151
0.015 11.654
0.0175 13.5965
0.02 15.5391
0.0225 17.4818
0.025 19.4245
0.0275 21.3673
0.03 23.3101
0.0325 25.253
0.035 27.1959
0.0375 29.1389
0.04 31.082
0.0425 33.0251
0.045 34.9683
0.0475 36.9115
0.05 38.8548
0.0525 40.7981
0.055 42.7415
0.0575 44.685
0.06 46.6285
0.0625 48.5721
0.065 50.5157
0.0675 52.4594
0.07 54.4031
0.0725 56.3469
0.075 58.2908
0.0775 60.2347
0.08 62.1787
0.0825 64.1228
0.085 66.0669
0.0875 68.011
0.09 69.9552
0.0925 71.8995
0.095 73.8438
0.0975 75.7882
0.1 77.7327
0.1025 79.6772
0.105 81.6218
0.1075 83.5664
0.11 85.5111
0.1125 87.4558
0.115 89.4006
0.1175 91.3455
0.12 93.2904
0.1225 95.2354
0.125 97.1804
0.1275 99.1255
0.13 101.071
0.1325 103.016
0.135 104.961
0.1375 106.907
0.14 108.852
0.1425 110.797
0.145 112.743
0.1475 114.689
0.15 116.634
0.1525 118.58
0.155 120.526
0.1575 122.471
0.16 124.417
0.1625 126.363
0.165 128.309
0.1675 130.255
0.17 132.201
0.1725 134.148
0.175 136.094
0.1775 138.04
0.18 139.987
0.1825 141.933
0.185 143.879
0.1875 145.826
0.19 147.773
0.1925 149.719
0.195 151.666
0.1975 153.613
0.2 155.56
0.2025 157.507
0.205 159.454
0.2075 161.401
0.21 163.348
0.2125 165.295
0.215 167.242
0.2175 169.189
0.22 171.137
0.2225 173.084
0.225 175.032
0.2275 176.979
0.23 178.927
0.2325 180.874
0.235 182.822
0.2375 184.77
0.24 186.718
0.2425 188.665
0.245 190.613
0.2475 192.561
0.25 194.51
0.2525 196.458
0.255 198.406
0.2575 200.354
0.26 202.302
0.2625 204.251
0.265 206.199
0.2675 208.148
0.27 210.096
0.2725 212.045
0.275 213.994
0.2775 215.942
0.28 217.891
0.2825 219.84
0.285 221.789
0.2875 223.738
0.29 225.687
0.2925 227.636
0.295 229.586
0.2975 231.535
0.3 233.484
0.3025 235.433
0.305 237.383
0.3075 239.332
0.31 241.282
0.3125 243.232
0.315 245.181
0.3175 247.131
0.32 249.081
0.3225 251.031
0.325 252.981
0.3275 254.931
0.33 256.881
0.3325 258.831
0.335 260.781
0.3375 262.731
0.34 264.682
0.3425 266.632
0.345 268.583
0.3475 270.533
0.35 272.484
0.3525 274.434
0.355 276.385
0.3575 278.336
0.36 280.287
0.3625 282.238
0.365 284.189
0.3675 286.14
0.37 288.091
0.3725 290.042
0.375 291.993
0.3775 293.944
0.38 295.896
0.3825 297.847
0.385 299.799
0.3875 301.75
0.39 303.702
0.3925 305.653
0.395 307.605
0.3975 309.557
0.4 311.509
0.4025 313.461
0.405 315.413
0.4075 317.365
0.41 319.317
0.4125 321.269
0.415 323.221
0.4175 325.174
0.42 327.126
0.4225 329.078
0.425 331.031
0.4275 332.984
0.43 334.936
0.4325 336.889
0.435 338.842
0.4375 340.794
0.44 342.747
0.4425 344.7
0.445 346.653
0.4475 348.606
0.45 350.56
0.4525 352.513
0.455 354.466
0.4575 356.419
0.46 358.373
0.4625 360.326
0.465 362.28
0.4675 364.234
0.47 366.187
0.4725 368.141
0.475 370.095
0.4775 372.049
0.48 374.003
0.4825 375.957
0.485 377.911
0.4875 379.865
0.49 381.819
0.4925 383.773
0.495 385.728
0.4975 387.682
0.5 389.636
0.5025 391.591
0.505 393.546
0.5075 395.5
0.51 397.455
0.5125 399.41
0.515 401.365
0.5175 403.32
0.52 405.275
0.5225 407.23
0.525 409.185
0.5275 411.14
0.53 413.095
0.5325 415.051
0.535 417.006
0.5375 418.961
0.54 420.917
0.5425 422.872
0.545 424.828
0.5475 426.784
0.55 428.74
0.5525 430.696
0.555 432.651
0.5575 434.608
0.56 436.564
0.5625 438.52
0.565 440.476
0.5675 442.432
0.57 444.388
0.5725 446.345
0.575 448.301
0.5775 450.258
0.58 452.214
0.5825 454.171
0.585 456.128
0.5875 458.085
0.59 460.041
0.5925 461.998
0.595 463.955
0.5975 465.912
0.6 467.87
0.6025 469.827
0.605 471.784
0.6075 473.741
0.61 475.699
0.6125 477.656
0.615 479.614
0.6175 481.571
0.62 483.529
0.6225 485.487
0.625 487.445
0.6275 489.403
0.63 491.36
0.6325 493.319
0.635 495.277
0.6375 497.235
0.64 499.193
0.6425 501.151
0.645 503.11
0.6475 505.068
0.65 507.027
0.6525 508.985
0.655 510.944
0.6575 512.902
0.66 514.861
0.6625 516.82
0.665 518.779
0.6675 520.738
0.67 522.697
0.6725 524.656
0.675 526.615
0.6775 528.574
0.68 530.534
0.6825 532.493
0.685 534.453
0.6875 536.412
0.69 538.372
0.6925 540.331
0.695 542.291
0.6975 544.251
0.7 546.211
0.7025 548.171
0.705 550.131
0.7075 552.091
0.71 554.051
0.7125 556.011
0.715 557.971
0.7175 559.932
0.72 561.892
0.7225 563.853
0.725 565.813
0.7275 567.774
0.73 569.735
0.7325 571.695
0.735 573.656
0.7375 575.617
0.74 577.578
0.7425 579.539
0.745 581.5
0.7475 583.461
0.75 585.423
0.7525 587.384
0.755 589.345
0.7575 591.307
0.76 593.268
0.7625 595.23
0.765 597.192
0.7675 599.153
0.77 601.115
0.7725 603.077
0.775 605.039
0.7775 607.001
0.78 608.963
0.7825 610.925
0.785 612.888
0.7875 614.85
0.79 616.812
0.7925 618.775
0.795 620.737
0.7975 622.7
0.8 624.662
0.8025 626.625
0.805 628.588
0.8075 630.551
0.81 632.514
0.8125 634.477
0.815 636.44
0.8175 638.403
0.82 640.366
0.8225 642.33
0.825 644.293
0.8275 646.256
0.83 648.22
0.8325 650.183
0.835 652.147
0.8375 654.111
0.84 656.075
0.8425 658.038
0.845 660.002
0.8475 661.966
0.85 663.931
0.8525 665.895
0.855 667.859
0.8575 669.823
0.86 671.787
0.8625 673.752
0.865 675.716
0.8675 677.681
0.87 679.646
0.8725 681.61
0.875 683.575
0.8775 685.54
0.88 687.505
0.8825 689.47
0.885 691.435
0.8875 693.4
0.89 695.365
0.8925 697.331
0.895 699.296
0.8975 701.261
0.9 703.227
0.9025 705.193
0.905 707.158
0.9075 709.124
0.91 711.09
0.9125 713.056
0.915 715.022
0.9175 716.988
0.92 718.954
0.9225 720.92
0.925 722.886
0.9275 724.852
0.93 726.819
0.9325 728.785
0.935 730.752
0.9375 732.718
0.94 734.685
0.9425 736.652
0.945 738.619
0.9475 740.585
0.95 742.552
0.9525 744.519
0.955 746.486
0.9575 748.454
0.96 750.421
0.9625 752.388
0.965 754.356
0.9675 756.323
0.97 758.291
0.9725 760.258
0.975 762.226
0.9775 764.194
0.98 766.161
0.9825 768.129
0.985 770.097
0.9875 772.065
0.99 774.034
0.9925 776.002
0.995 777.97
0.9975 779.938
1 781.907

0 7.82862e-06
0.00334448 2.59827
0.00668896 5.19664
0.0100334 7.79511
0.0133779 10.3937
0.0167224 12.9924
0.0200669 15.5911
0.0234114 18.19
0.0267559 20.789
0.0301003 23.3881
0.0334448 25.9873
0.0367893 28.5865
0.0401338 31.1859
0.0434783 33.7854
0.0468227 36.385
0.0501672 38.9847
0.0535117 41.5845
0.0568562 44.1845
0.0602007 46.7845
0.0635452 49.3846
0.0668896 51.9848
0.0702341 54.5851
0.0735786 57.1856
0.0769231 59.7861
0.0802676 62.3868
0.083612 64.9875
0.0869565 67.5883
0.090301 70.1893
0.0936455 72.7904
0.09699 75.3915
0.100334 77.9928
0.103679 80.5942
0.107023 83.1957
0.110368 85.7973
0.113712 88.3989
0.117057 91.0007
0.120401 93.6027
0.123746 96.2047
0.12709 98.8068
0.130435 101.409
0.133779 104.011
0.137124 106.614
0.140468 109.216
0.143813 111.819
0.147157 114.422
0.150502 117.025
0.153846 119.628
0.157191 122.231
0.160535 124.834
0.16388 127.437
0.167224 130.041
0.170569 132.644
0.173913 135.248
0.177258 137.851
0.180602 140.455
0.183946 143.059
0.187291 145.663
0.190635 148.267
0.19398 150.872
0.197324 153.476
0.200669 156.081
0.204013 158.685
0.207358 161.29
0.210702 163.895
0.214047 166.5
0.217391 169.105
0.220736 171.71
0.22408 174.315
0.227425 176.92
0.230769 179.526
0.234114 182.131
0.237458 184.737
0.240803 187.343
0.244147 189.949
0.247492 192.555
0.250836 195.161
0.254181 197.767
0.257525 200.374
0.26087 202.98
0.264214 205.587
0.267559 208.193
0.270903 210.8
0.274247 213.407
0.277592 216.014
0.280936 218.621
0.284281 221.229
0.287625 223.836
0.29097 226.443
0.294314 229.051
0.297659 231.659
0.301003 234.266
0.304348 236.874
0.307692 239.482
0.311037 242.091
0.314381 244.699
0.317726 247.307
0.32107 249.916
0.324415 252.524
0.327759 255.133
0.331104 257.742
0.334448 260.351
0.337793 262.96
0.341137 265.569
0.344482 268.178
0.347826 270.788
0.351171 273.397
0.354515 276.007
0.35786 278.616
0.361204 281.226
0.364548 283.836
0.367893 286.446
0.371237 289.056
0.374582 291.667
0.377926 294.277
0.381271 296.888
0.384615 299.498
0.38796 302.109
0.391304 304.72
0.394649 307.331
0.397993 309.942
0.401338 312.553
0.404682 315.165
0.408027 317.776
0.411371 320.388
0.414716 322.999
0.41806 325.611
0.421405 328.223
0.424749 330.835
0.428094 333.447
0.431438 336.059
0.434783 338.672
0.438127 341.284
0.441472 343.897
0.444816 346.51
0.448161 349.122
0.451505 351.735
0.454849 354.348
0.458194 356.962
0.461538 359.575
0.464883 362.188
0.468227 364.802
0.471572 367.416
0.474916 370.029
0.478261 372.643
0.481605 375.257
0.48495 377.871
0.488294 380.486
0.491639 383.1
0.494983 385.714
0.498328 388.329
0.501672 390.944
0.505017 393.559
0.508361 396.174
0.511706 398.789
0.51505 401.404
0.518395 404.019
0.521739 406.635
0.525084 409.25
0.528428 411.866
0.531773 414.482
0.535117 417.097
0.538462 419.713
0.541806 422.33
0.545151 424.946
0.548495 427.562
0.551839 430.179
0.555184 432.795
0.558528 435.412
0.561873 438.029
0.565217 440.646
0.568562 443.263
0.571906 445.88
0.575251 448.498
0.578595 451.115
0.58194 453.733
0.585284 456.35
0.588629 458.968
0.591973 461.586
0.595318 464.204
0.598662 466.822
0.602007 469.441
0.605351 472.059
0.608696 474.678
0.61204 477.296
0.615385 479.915
0.618729 482.534
0.622074 485.153
0.625418 487.772
0.628763 490.391
0.632107 493.011
0.635452 495.63
0.638796 498.25
0.64214 500.87
0.645485 503.49
0.648829 506.11
0.652174 508.73
0.655518 511.35
0.658863 513.97
0.662207 516.591
0.665552 519.211
0.668896 521.832
0.672241 524.453
0.675585 527.074
0.67893 529.695
0.682274 532.316
0.685619 534.938
0.688963 537.559
0.692308 540.181
0.695652 542.802
0.698997 545.424
0.702341 548.046
0.705686 550.668
0.70903 553.291
0.712375 555.913
0.715719 558.535
0.719064 561.158
0.722408 563.781
0.725753 566.403
0.729097 569.026
0.732441 571.649
0.735786 574.273
0.73913 576.896
0.742475 579.519
0.745819 582.143
0.749164 584.767
0.752508 587.391
0.755853 590.015
0.759197 592.639
0.762542 595.263
0.765886 597.887
0.769231 600.512
0.772575 603.136
0.77592 605.761
0.779264 608.386
0.782609 611.011
0.785953 613.636
0.789298 616.261
0.792642 618.886
0.795987 621.512
0.799331 624.137
0.802676 626.763
0.80602 629.389
0.809365 632.015
0.812709 634.641
0.816054 637.267
0.819398 639.894
0.822742 642.52
0.826087 645.147
0.829431 647.773
0.832776 650.4
0.83612 653.027
0.839465 655.654
0.842809 658.282
0.846154 660.909
0.849498 663.536
0.852843 666.164
0.856187 668.792
0.859532 671.42
0.862876 674.048
0.866221 676.676
0.869565 679.304
0.87291 681.932
0.876254 684.561
0.879599 687.19
0.882943 689.818
0.886288 692.447
0.889632 695.076
0.892977 697.705
0.896321 700.335
0.899666 702.964
0.90301 705.594
0.906355 708.223
0.909699 710.853
0.913043 713.483
0.916388 716.113
0.919732 718.743
0.923077 721.374
0.926421 724.004
0.929766 726.635
0.93311 729.265
0.936455 731.896
0.939799 734.527
0.943144 737.158
0.946488 739.789
0.949833 742.421
0.953177 745.052
0.956522 747.684
0.959866 750.316
0.963211 752.947
0.966555 755.579
0.9699 758.212
0.973244 760.844
0.976589 763.476
0.979933 766.109
0.983278 768.741
0.986622 771.374
0.989967 774.007
0.993311 776.64
0.996656 779.273
1 781.907
