0 156.381
0.00334448 157.736
0.00668896 159.01
0.0100334 160.201
0.0133779 161.308
0.0167224 162.331
0.0200669 163.269
0.0234114 164.121
0.0267559 164.887
0.0301003 165.567
0.0334448 166.162
0.0367893 166.687
0.0401338 167.161
0.0434783 167.598
0.0468227 168.018
0.0501672 168.436
0.0535117 168.867
0.0568562 169.308
0.0602007 169.756
0.0635452 170.205
0.0668896 170.653
0.0702341 171.095
0.0735786 171.527
0.0769231 171.948
0.0802676 172.358
0.083612 172.757
0.0869565 173.145
0.090301 173.52
0.0936455 173.884
0.09699 174.237
0.100334 174.58
0.103679 174.916
0.107023 175.245
0.110368 175.569
0.113712 175.89
0.117057 176.206
0.120401 176.519
0.123746 176.829
0.12709 177.137
0.130435 177.441
0.133779 177.744
0.137124 178.045
0.140468 178.347
0.143813 178.651
0.147157 178.959
0.150502 179.271
0.153846 179.588
0.157191 179.909
0.160535 180.234
0.16388 180.559
0.167224 180.885
0.170569 181.208
0.173913 181.53
0.177258 181.848
0.180602 182.163
0.183946 182.476
0.187291 182.785
0.190635 183.09
0.19398 183.392
0.197324 183.69
0.200669 183.984
0.204013 184.274
0.207358 184.558
0.210702 184.837
0.214047 185.111
0.217391 185.379
0.220736 185.643
0.22408 185.902
0.227425 186.156
0.230769 186.407
0.234114 186.654
0.237458 186.896
0.240803 187.135
0.244147 187.369
0.247492 187.599
0.250836 187.825
0.254181 188.046
0.257525 188.262
0.26087 188.475
0.264214 188.683
0.267559 188.887
0.270903 189.088
0.274247 189.285
0.277592 189.478
0.280936 189.668
0.284281 189.854
0.287625 190.036
0.29097 190.214
0.294314 190.388
0.297659 190.559
0.301003 190.726
0.304348 190.889
0.307692 191.049
0.311037 191.206
0.314381 191.359
0.317726 191.51
0.32107 191.657
0.324415 191.801
0.327759 191.942
0.331104 192.08
0.334448 192.215
0.337793 192.347
0.341137 192.476
0.344482 192.602
0.347826 192.726
0.351171 192.847
0.354515 192.965
0.35786 193.081
0.361204 193.194
0.364548 193.304
0.367893 193.411
0.371237 193.516
0.374582 193.618
0.377926 193.718
0.381271 193.814
0.384615 193.908
0.38796 193.999
0.391304 194.087
0.394649 194.172
0.397993 194.254
0.401338 194.333
0.404682 194.409
0.408027 194.482
0.411371 194.551
0.414716 194.617
0.41806 194.681
0.421405 194.743
0.424749 194.804
0.428094 194.863
0.431438 194.923
0.434783 194.982
0.438127 195.04
0.441472 195.095
0.444816 195.148
0.448161 195.196
0.451505 195.24
0.454849 195.278
0.458194 195.313
0.461538 195.344
0.464883 195.372
0.468227 195.398
0.471572 195.424
0.474916 195.448
0.478261 195.472
0.481605 195.495
0.48495 195.518
0.488294 195.54
0.491639 195.562
0.494983 195.582
0.498328 195.599
0.501672 195.61
0.505017 195.613
0.508361 195.608
0.511706 195.59
0.51505 195.564
0.518395 195.537
0.521739 195.514
0.525084 195.503
0.528428 195.511
0.531773 195.546
0.535117 195.61
0.538462 195.702
0.541806 195.823
0.545151 195.972
0.548495 196.149
0.551839 196.353
0.555184 196.58
0.558528 196.826
0.561873 197.083
0.565217 197.347
0.568562 197.611
0.571906 197.869
0.575251 198.121
0.578595 198.368
0.58194 198.613
0.585284 198.858
0.588629 199.105
0.591973 199.356
0.595318 199.611
0.598662 199.87
0.602007 200.13
0.605351 200.391
0.608696 200.65
0.61204 200.907
0.615385 201.162
0.618729 201.415
0.622074 201.668
0.625418 201.921
0.628763 202.177
0.632107 202.436
0.635452 202.698
0.638796 202.964
0.64214 203.234
0.645485 203.508
0.648829 203.786
0.652174 204.069
0.655518 204.356
0.658863 204.647
0.662207 204.941
0.665552 205.237
0.668896 205.535
0.672241 205.834
0.675585 206.134
0.67893 206.434
0.682274 206.736
0.685619 207.038
0.688963 207.341
0.692308 207.645
0.695652 207.949
0.698997 208.253
0.702341 208.556
0.705686 208.858
0.70903 209.157
0.712375 209.454
0.715719 209.748
0.719064 210.042
0.722408 210.335
0.725753 210.629
0.729097 210.925
0.732441 211.224
0.735786 211.524
0.73913 211.826
0.742475 212.129
0.745819 212.431
0.749164 212.731
0.752508 213.03
0.755853 213.325
0.759197 213.619
0.762542 213.912
0.765886 214.203
0.769231 214.494
0.772575 214.786
0.77592 215.077
0.779264 215.367
0.782609 215.657
0.785953 215.947
0.789298 216.234
0.792642 216.521
0.795987 216.806
0.799331 217.089
0.802676 217.372
0.80602 217.653
0.809365 217.934
0.812709 218.214
0.816054 218.493
0.819398 218.77
0.822742 219.046
0.826087 219.32
0.829431 219.592
0.832776 219.86
0.83612 220.126
0.839465 220.391
0.842809 220.656
0.846154 220.921
0.849498 221.188
0.852843 221.458
0.856187 221.73
0.859532 222.004
0.862876 222.279
0.866221 222.556
0.869565 222.833
0.87291 223.111
0.876254 223.388
0.879599 223.664
0.882943 223.938
0.886288 224.21
0.889632 224.478
0.892977 224.741
0.896321 225.001
0.899666 225.257
0.90301 225.51
0.906355 225.759
0.909699 226.005
0.913043 226.249
0.916388 226.491
0.919732 226.731
0.923077 226.97
0.926421 227.208
0.929766 227.446
0.93311 227.684
0.936455 227.921
0.939799 228.156
0.943144 228.386
0.946488 228.611
0.949833 228.829
0.953177 229.038
0.956522 229.242
0.959866 229.442
0.963211 229.641
0.966555 229.843
0.9699 230.049
0.973244 230.263
0.976589 230.484
0.979933 230.711
0.983278 230.943
0.986622 231.181
0.989967 231.423
0.993311 231.669
0.996656 231.918
1 232.17
