0 209.423
0.00334448 211.089
0.00668896 212.674
0.0100334 214.176
0.0133779 215.595
0.0167224 216.932
0.0200669 218.187
0.0234114 219.362
0.0267559 220.457
0.0301003 221.472
0.0334448 222.411
0.0367893 223.282
0.0401338 224.099
0.0434783 224.87
0.0468227 225.609
0.0501672 226.326
0.0535117 227.029
0.0568562 227.718
0.0602007 228.391
0.0635452 229.045
0.0668896 229.677
0.0702341 230.285
0.0735786 230.868
0.0769231 231.428
0.0802676 231.972
0.083612 232.504
0.0869565 233.028
0.090301 233.549
0.0936455 234.07
0.09699 234.59
0.100334 235.105
0.103679 235.612
0.107023 236.108
0.110368 236.59
0.113712 237.057
0.117057 237.51
0.120401 237.953
0.123746 238.388
0.12709 238.818
0.130435 239.246
0.133779 239.674
0.137124 240.1
0.140468 240.523
0.143813 240.941
0.147157 241.354
0.150502 241.758
0.153846 242.155
0.157191 242.544
0.160535 242.927
0.16388 243.304
0.167224 243.678
0.170569 244.05
0.173913 244.42
0.177258 244.787
0.180602 245.152
0.183946 245.513
0.187291 245.87
0.190635 246.222
0.19398 246.568
0.197324 246.91
0.200669 247.247
0.204013 247.581
0.207358 247.911
0.210702 248.24
0.214047 248.566
0.217391 248.891
0.220736 249.213
0.22408 249.533
0.227425 249.851
0.230769 250.166
0.234114 250.479
0.237458 250.789
0.240803 251.096
0.244147 251.4
0.247492 251.701
0.250836 251.999
0.254181 252.294
0.257525 252.586
0.26087 252.876
0.264214 253.164
0.267559 253.45
0.270903 253.735
0.274247 254.019
0.277592 254.302
0.280936 254.581
0.284281 254.857
0.287625 255.129
0.29097 255.396
0.294314 255.658
0.297659 255.915
0.301003 256.169
0.304348 256.421
0.307692 256.672
0.311037 256.922
0.314381 257.172
0.317726 257.422
0.32107 257.67
0.324415 257.915
0.327759 258.157
0.331104 258.395
0.334448 258.628
0.337793 258.857
0.341137 259.083
0.344482 259.307
0.347826 259.529
0.351171 259.749
0.354515 259.969
0.35786 260.188
0.361204 260.405
0.364548 260.62
0.367893 260.832
0.371237 261.041
0.374582 261.247
0.377926 261.452
0.381271 261.656
0.384615 261.861
0.38796 262.069
0.391304 262.28
0.394649 262.494
0.397993 262.711
0.401338 262.926
0.404682 263.139
0.408027 263.347
0.411371 263.548
0.414716 263.742
0.41806 263.93
0.421405 264.115
0.424749 264.299
0.428094 264.483
0.431438 264.669
0.434783 264.86
0.438127 265.052
0.441472 265.247
0.444816 265.442
0.448161 265.638
0.451505 265.833
0.454849 266.026
0.458194 266.219
0.461538 266.41
0.464883 266.599
0.468227 266.786
0.471572 266.972
0.474916 267.156
0.478261 267.338
0.481605 267.518
0.48495 267.697
0.488294 267.875
0.491639 268.051
0.494983 268.227
0.498328 268.403
0.501672 268.578
0.505017 268.755
0.508361 268.934
0.511706 269.115
0.51505 269.298
0.518395 269.481
0.521739 269.662
0.525084 269.841
0.528428 270.016
0.531773 270.185
0.535117 270.348
0.538462 270.507
0.541806 270.665
0.545151 270.824
0.548495 270.985
0.551839 271.15
0.555184 271.32
0.558528 271.493
0.561873 271.666
0.565217 271.837
0.568562 272.005
0.571906 272.168
0.575251 272.327
0.578595 272.483
0.58194 272.639
0.585284 272.798
0.588629 272.961
0.591973 273.132
0.595318 273.31
0.598662 273.493
0.602007 273.679
0.605351 273.865
0.608696 274.049
0.61204 274.23
0.615385 274.406
0.618729 274.579
0.622074 274.75
0.625418 274.918
0.628763 275.086
0.632107 275.254
0.635452 275.422
0.638796 275.591
0.64214 275.762
0.645485 275.935
0.648829 276.111
0.652174 276.29
0.655518 276.473
0.658863 276.658
0.662207 276.844
0.665552 277.03
0.668896 277.216
0.672241 277.4
0.675585 277.583
0.67893 277.766
0.682274 277.949
0.685619 278.133
0.688963 278.319
0.692308 278.508
0.695652 278.7
0.698997 278.898
0.702341 279.1
0.705686 279.309
0.70903 279.526
0.712375 279.751
0.715719 279.984
0.719064 280.221
0.722408 280.463
0.725753 280.706
0.729097 280.95
0.732441 281.191
0.735786 281.432
0.73913 281.673
0.742475 281.916
0.745819 282.163
0.749164 282.416
0.752508 282.676
0.755853 282.943
0.759197 283.216
0.762542 283.493
0.765886 283.773
0.769231 284.054
0.772575 284.336
0.77592 284.619
0.779264 284.904
0.782609 285.191
0.785953 285.483
0.789298 285.781
0.792642 286.084
0.795987 286.394
0.799331 286.711
0.802676 287.035
0.80602 287.365
0.809365 287.702
0.812709 288.045
0.816054 288.396
0.819398 288.754
0.822742 289.119
0.826087 289.493
0.829431 289.875
0.832776 290.266
0.83612 290.666
0.839465 291.075
0.842809 291.492
0.846154 291.917
0.849498 292.349
0.852843 292.789
0.856187 293.237
0.859532 293.694
0.862876 294.161
0.866221 294.638
0.869565 295.126
0.87291 295.626
0.876254 296.138
0.879599 296.664
0.882943 297.203
0.886288 297.756
0.889632 298.323
0.892977 298.906
0.896321 299.503
0.899666 300.116
0.90301 300.745
0.906355 301.389
0.909699 302.048
0.913043 302.724
0.916388 303.417
0.919732 304.129
0.923077 304.863
0.926421 305.621
0.929766 306.403
0.93311 307.214
0.936455 308.051
0.939799 308.916
0.943144 309.809
0.946488 310.729
0.949833 311.676
0.953177 312.651
0.956522 313.657
0.959866 314.699
0.963211 315.782
0.966555 316.908
0.9699 318.084
0.973244 319.313
0.976589 320.596
0.979933 321.935
0.983278 323.33
0.986622 324.784
0.989967 326.296
0.993311 327.868
0.996656 329.5
1 331.193
