0 0
0.005 5.70447
0.01 11.409
0.015 17.1136
0.02 22.8181
0.025 28.5224
0.03 34.2267
0.035 39.9309
0.04 45.635
0.045 51.339
0.05 57.0429
0.055 62.7467
0.06 68.4505
0.065 74.1541
0.07 79.8578
0.075 85.5614
0.08 91.2648
0.085 96.9683
0.09 102.672
0.095 108.375
0.1 114.078
0.105 119.782
0.11 125.485
0.115 131.188
0.12 136.891
0.125 142.594
0.13 148.297
0.135 154.001
0.14 159.704
0.145 165.407
0.15 171.11
0.155 176.813
0.16 182.516
0.165 188.219
0.17 193.922
0.175 199.625
0.18 205.328
0.185 211.031
0.19 216.734
0.195 222.437
0.2 228.14
0.205 233.843
0.21 239.546
0.215 245.249
0.22 250.953
0.225 256.656
0.23 262.359
0.235 268.062
0.24 273.765
0.245 279.469
0.25 285.172
0.255 290.876
0.26 296.579
0.265 302.282
0.27 307.986
0.275 313.69
0.28 319.393
0.285 325.097
0.29 330.801
0.295 336.504
0.3 342.208
0.305 347.912
0.31 353.616
0.315 359.32
0.32 365.024
0.325 370.728
0.33 376.433
0.335 382.137
0.34 387.841
0.345 393.546
0.35 399.25
0.355 404.955
0.36 410.66
0.365 416.364
0.37 422.069
0.375 427.774
0.38 433.479
0.385 439.184
0.39 444.889
0.395 450.595
0.4 456.3
0.405 462.006
0.41 467.711
0.415 473.417
0.42 479.123
0.425 484.829
0.43 490.534
0.435 496.241
0.44 501.947
0.445 507.653
0.45 513.359
0.455 519.066
0.46 524.772
0.465 530.479
0.47 536.186
0.475 541.893
0.48 547.6
0.485 553.307
0.49 559.014
0.495 564.722
0.5 570.429
0.505 576.137
0.51 581.845
0.515 587.552
0.52 593.26
0.525 598.969
0.53 604.677
0.535 610.385
0.54 616.093
0.545 621.802
0.55 627.511
0.555 633.22
0.56 638.929
0.565 644.638
0.57 650.347
0.575 656.056
0.58 661.766
0.585 667.475
0.59 673.185
0.595 678.895
0.6 684.605
0.605 690.315
0.61 696.025
0.615 701.735
0.62 707.446
0.625 713.156
0.63 718.867
0.635 724.578
0.64 730.289
0.645 736
0.65 741.712
0.655 747.423
0.66 753.135
0.665 758.846
0.67 764.558
0.675 770.27
0.68 775.982
0.685 781.694
0.69 787.407
0.695 793.119
0.7 798.832
0.705 804.544
0.71 810.257
0.715 815.97
0.72 821.683
0.725 827.397
0.73 833.11
0.735 838.823
0.74 844.537
0.745 850.251
0.75 855.965
0.755 861.679
0.76 867.393
0.765 873.107
0.77 878.821
0.775 884.536
0.78 890.25
0.785 895.965
0.79 901.68
0.795 907.395
0.8 913.11
0.805 918.825
0.81 924.541
0.815 930.256
0.82 935.972
0.825 941.687
0.83 947.403
0.835 953.119
0.84 958.835
0.845 964.551
0.85 970.267
0.855 975.983
0.86 981.7
0.865 987.416
0.87 993.133
0.875 998.849
0.88 1004.57
0.885 1010.28
0.89 1016
0.895 1021.72
0.9 1027.43
0.905 1033.15
0.91 1038.87
0.915 1044.58
0.92 1050.3
0.925 1056.02
0.93 1061.74
0.935 1067.45
0.94 1073.17
0.945 1078.89
0.95 1084.61
0.955 1090.32
0.96 1096.04
0.965 1101.76
0.97 1107.48
0.975 1113.19
0.98 1118.91
0.985 1124.63
0.99 1130.34
0.995 1136.06
1 1141.78

0 -0.000648993
0.00334448 3.81533
0.00668896 7.63124
0.0100334 11.4471
0.0133779 15.2629
0.0167224 19.0787
0.0200669 22.8944
0.0234114 26.7101
0.0267559 30.5257
0.0301003 34.3412
0.0334448 38.1568
0.0367893 41.9722
0.0401338 45.7877
0.0434783 49.6031
0.0468227 53.4185
0.0501672 57.2338
0.0535117 61.0491
0.0568562 64.8643
0.0602007 68.6795
0.0635452 72.4947
0.0668896 76.3099
0.0702341 80.125
0.0735786 83.9401
0.0769231 87.7552
0.0802676 91.5702
0.083612 95.3852
0.0869565 99.2002
0.090301 103.015
0.0936455 106.83
0.09699 110.645
0.100334 114.46
0.103679 118.275
0.107023 122.09
0.110368 125.905
0.113712 129.719
0.117057 133.534
0.120401 137.349
0.123746 141.164
0.12709 144.979
0.130435 148.793
0.133779 152.608
0.137124 156.423
0.140468 160.238
0.143813 164.052
0.147157 167.867
0.150502 171.682
0.153846 175.497
0.157191 179.311
0.160535 183.126
0.16388 186.941
0.167224 190.756
0.170569 194.57
0.173913 198.385
0.177258 202.2
0.180602 206.014
0.183946 209.829
0.187291 213.644
0.190635 217.459
0.19398 221.273
0.197324 225.088
0.200669 228.903
0.204013 232.718
0.207358 236.532
0.210702 240.347
0.214047 244.162
0.217391 247.977
0.220736 251.792
0.22408 255.607
0.227425 259.421
0.230769 263.236
0.234114 267.051
0.237458 270.866
0.240803 274.681
0.244147 278.496
0.247492 282.311
0.250836 286.126
0.254181 289.941
0.257525 293.756
0.26087 297.571
0.264214 301.386
0.267559 305.201
0.270903 309.016
0.274247 312.831
0.277592 316.646
0.280936 320.461
0.284281 324.276
0.287625 328.092
0.29097 331.907
0.294314 335.722
0.297659 339.537
0.301003 343.353
0.304348 347.168
0.307692 350.983
0.311037 354.799
0.314381 358.614
0.317726 362.43
0.32107 366.245
0.324415 370.061
0.327759 373.876
0.331104 377.692
0.334448 381.507
0.337793 385.323
0.341137 389.139
0.344482 392.954
0.347826 396.77
0.351171 400.586
0.354515 404.402
0.35786 408.217
0.361204 412.033
0.364548 415.849
0.367893 419.665
0.371237 423.481
0.374582 427.297
0.377926 431.113
0.381271 434.929
0.384615 438.746
0.38796 442.562
0.391304 446.378
0.394649 450.194
0.397993 454.01
0.401338 457.827
0.404682 461.643
0.408027 465.46
0.411371 469.276
0.414716 473.093
0.41806 476.909
0.421405 480.726
0.424749 484.542
0.428094 488.359
0.431438 492.176
0.434783 495.993
0.438127 499.809
0.441472 503.626
0.444816 507.443
0.448161 511.26
0.451505 515.077
0.454849 518.894
0.458194 522.711
0.461538 526.528
0.464883 530.346
0.468227 534.163
0.471572 537.98
0.474916 541.798
0.478261 545.615
0.481605 549.432
0.48495 553.25
0.488294 557.067
0.491639 560.885
0.494983 564.703
0.498328 568.52
0.501672 572.338
0.505017 576.156
0.508361 579.974
0.511706 583.792
0.51505 587.61
0.518395 591.428
0.521739 595.246
0.525084 599.064
0.528428 602.882
0.531773 606.7
0.535117 610.519
0.538462 614.337
0.541806 618.155
0.545151 621.974
0.548495 625.792
0.551839 629.611
0.555184 633.43
0.558528 637.248
0.561873 641.067
0.565217 644.886
0.568562 648.705
0.571906 652.524
0.575251 656.342
0.578595 660.161
0.58194 663.981
0.585284 667.8
0.588629 671.619
0.591973 675.438
0.595318 679.257
0.598662 683.077
0.602007 686.896
0.605351 690.716
0.608696 694.535
0.61204 698.355
0.615385 702.175
0.618729 705.994
0.622074 709.814
0.625418 713.634
0.628763 717.454
0.632107 721.274
0.635452 725.094
0.638796 728.914
0.64214 732.734
0.645485 736.554
0.648829 740.374
0.652174 744.195
0.655518 748.015
0.658863 751.835
0.662207 755.656
0.665552 759.476
0.668896 763.297
0.672241 767.118
0.675585 770.938
0.67893 774.759
0.682274 778.58
0.685619 782.401
0.688963 786.222
0.692308 790.043
0.695652 793.864
0.698997 797.685
0.702341 801.506
0.705686 805.328
0.70903 809.149
0.712375 812.97
0.715719 816.792
0.719064 820.613
0.722408 824.435
0.725753 828.256
0.729097 832.078
0.732441 835.9
0.735786 839.722
0.73913 843.543
0.742475 847.365
0.745819 851.187
0.749164 855.009
0.752508 858.831
0.755853 862.653
0.759197 866.476
0.762542 870.298
0.765886 874.12
0.769231 877.942
0.772575 881.765
0.77592 885.587
0.779264 889.41
0.782609 893.232
0.785953 897.055
0.789298 900.878
0.792642 904.7
0.795987 908.523
0.799331 912.346
0.802676 916.169
0.80602 919.992
0.809365 923.815
0.812709 927.638
0.816054 931.461
0.819398 935.284
0.822742 939.107
0.826087 942.93
0.829431 946.753
0.832776 950.577
0.83612 954.4
0.839465 958.223
0.842809 962.047
0.846154 965.87
0.849498 969.694
0.852843 973.517
0.856187 977.341
0.859532 981.164
0.862876 984.988
0.866221 988.812
0.869565 992.636
0.87291 996.459
0.876254 1000.28
0.879599 1004.11
0.882943 1007.93
0.886288 1011.75
0.889632 1015.58
0.892977 1019.4
0.896321 1023.23
0.899666 1027.05
0.90301 1030.87
0.906355 1034.7
0.909699 1038.52
0.913043 1042.35
0.916388 1046.17
0.919732 1050
0.923077 1053.82
0.926421 1057.64
0.929766 1061.47
0.93311 1065.29
0.936455 1069.12
0.939799 1072.94
0.943144 1076.77
0.946488 1080.59
0.949833 1084.41
0.953177 1088.24
0.956522 1092.06
0.959866 1095.89
0.963211 1099.71
0.966555 1103.54
0.9699 1107.36
0.973244 1111.18
0.976589 1115.01
0.979933 1118.83
0.983278 1122.66
0.986622 1126.48
0.989967 1130.31
0.993311 1134.13
0.996656 1137.96
1 1141.78
