0 355.518
0.00334448 358.011
0.00668896 360.389
0.0100334 362.652
0.0133779 364.801
0.0167224 366.838
0.0200669 368.765
0.0234114 370.586
0.0267559 372.302
0.0301003 373.918
0.0334448 375.437
0.0367893 376.87
0.0401338 378.23
0.0434783 379.529
0.0468227 380.779
0.0501672 381.994
0.0535117 383.183
0.0568562 384.349
0.0602007 385.491
0.0635452 386.61
0.0668896 387.708
0.0702341 388.783
0.0735786 389.838
0.0769231 390.871
0.0802676 391.885
0.083612 392.88
0.0869565 393.857
0.090301 394.817
0.0936455 395.759
0.09699 396.686
0.100334 397.597
0.103679 398.493
0.107023 399.374
0.110368 400.241
0.113712 401.094
0.117057 401.936
0.120401 402.768
0.123746 403.592
0.12709 404.41
0.130435 405.223
0.133779 406.034
0.137124 406.839
0.140468 407.636
0.143813 408.422
0.147157 409.195
0.150502 409.952
0.153846 410.692
0.157191 411.418
0.160535 412.133
0.16388 412.841
0.167224 413.545
0.170569 414.249
0.173913 414.954
0.177258 415.66
0.180602 416.363
0.183946 417.062
0.187291 417.754
0.190635 418.437
0.19398 419.11
0.197324 419.772
0.200669 420.426
0.204013 421.071
0.207358 421.709
0.210702 422.341
0.214047 422.968
0.217391 423.59
0.220736 424.209
0.22408 424.825
0.227425 425.439
0.230769 426.053
0.234114 426.665
0.237458 427.275
0.240803 427.882
0.244147 428.483
0.247492 429.077
0.250836 429.662
0.254181 430.239
0.257525 430.808
0.26087 431.373
0.264214 431.935
0.267559 432.498
0.270903 433.063
0.274247 433.632
0.277592 434.201
0.280936 434.767
0.284281 435.327
0.287625 435.879
0.29097 436.418
0.294314 436.945
0.297659 437.463
0.301003 437.976
0.304348 438.487
0.307692 439.001
0.311037 439.521
0.314381 440.049
0.317726 440.582
0.32107 441.118
0.324415 441.654
0.327759 442.187
0.331104 442.714
0.334448 443.233
0.337793 443.746
0.341137 444.254
0.344482 444.758
0.347826 445.258
0.351171 445.756
0.354515 446.252
0.35786 446.747
0.361204 447.241
0.364548 447.735
0.367893 448.228
0.371237 448.72
0.374582 449.213
0.377926 449.704
0.381271 450.192
0.384615 450.677
0.38796 451.157
0.391304 451.631
0.394649 452.099
0.397993 452.563
0.401338 453.024
0.404682 453.484
0.408027 453.945
0.411371 454.407
0.414716 454.872
0.41806 455.338
0.421405 455.806
0.424749 456.275
0.428094 456.743
0.431438 457.21
0.434783 457.676
0.438127 458.139
0.441472 458.599
0.444816 459.056
0.448161 459.508
0.451505 459.954
0.454849 460.395
0.458194 460.833
0.461538 461.269
0.464883 461.704
0.468227 462.141
0.471572 462.58
0.474916 463.023
0.478261 463.467
0.481605 463.911
0.48495 464.354
0.488294 464.795
0.491639 465.233
0.494983 465.665
0.498328 466.094
0.501672 466.517
0.505017 466.936
0.508361 467.35
0.511706 467.758
0.51505 468.162
0.518395 468.562
0.521739 468.958
0.525084 469.352
0.528428 469.744
0.531773 470.135
0.535117 470.526
0.538462 470.919
0.541806 471.316
0.545151 471.719
0.548495 472.13
0.551839 472.551
0.555184 472.98
0.558528 473.414
0.561873 473.85
0.565217 474.284
0.568562 474.714
0.571906 475.135
0.575251 475.548
0.578595 475.956
0.58194 476.36
0.585284 476.765
0.588629 477.171
0.591973 477.583
0.595318 477.999
0.598662 478.417
0.602007 478.833
0.605351 479.246
0.608696 479.651
0.61204 480.048
0.615385 480.435
0.618729 480.816
0.622074 481.196
0.625418 481.575
0.628763 481.959
0.632107 482.349
0.635452 482.746
0.638796 483.147
0.64214 483.55
0.645485 483.952
0.648829 484.351
0.652174 484.745
0.655518 485.134
0.658863 485.518
0.662207 485.898
0.665552 486.275
0.668896 486.65
0.672241 487.023
0.675585 487.396
0.67893 487.765
0.682274 488.131
0.685619 488.493
0.688963 488.849
0.692308 489.199
0.695652 489.545
0.698997 489.889
0.702341 490.236
0.705686 490.588
0.70903 490.948
0.712375 491.32
0.715719 491.702
0.719064 492.091
0.722408 492.481
0.725753 492.87
0.729097 493.253
0.732441 493.627
0.735786 493.992
0.73913 494.351
0.742475 494.706
0.745819 495.061
0.749164 495.417
0.752508 495.778
0.755853 496.143
0.759197 496.511
0.762542 496.88
0.765886 497.248
0.769231 497.614
0.772575 497.977
0.77592 498.337
0.779264 498.693
0.782609 499.045
0.785953 499.395
0.789298 499.742
0.792642 500.087
0.795987 500.431
0.799331 500.774
0.802676 501.117
0.80602 501.461
0.809365 501.808
0.812709 502.157
0.816054 502.509
0.819398 502.864
0.822742 503.22
0.826087 503.576
0.829431 503.933
0.832776 504.289
0.83612 504.643
0.839465 504.995
0.842809 505.344
0.846154 505.688
0.849498 506.028
0.852843 506.361
0.856187 506.69
0.859532 507.016
0.862876 507.34
0.866221 507.665
0.869565 507.992
0.87291 508.322
0.876254 508.655
0.879599 508.992
0.882943 509.331
0.886288 509.673
0.889632 510.017
0.892977 510.362
0.896321 510.707
0.899666 511.052
0.90301 511.393
0.906355 511.731
0.909699 512.062
0.913043 512.387
0.916388 512.709
0.919732 513.03
0.923077 513.355
0.926421 513.687
0.929766 514.03
0.93311 514.387
0.936455 514.753
0.939799 515.125
0.943144 515.495
0.946488 515.859
0.949833 516.211
0.953177 516.547
0.956522 516.869
0.959866 517.182
0.963211 517.49
0.966555 517.796
0.9699 518.106
0.973244 518.422
0.976589 518.742
0.979933 519.064
0.983278 519.384
0.986622 519.7
0.989967 520.007
0.993311 520.305
0.996656 520.59
1 520.862
