0 222.797
0.00334448 224.484
0.00668896 226.079
0.0100334 227.585
0.0133779 229.001
0.0167224 230.332
0.0200669 231.581
0.0234114 232.752
0.0267559 233.849
0.0301003 234.876
0.0334448 235.836
0.0367893 236.735
0.0401338 237.576
0.0434783 238.365
0.0468227 239.105
0.0501672 239.803
0.0535117 240.462
0.0568562 241.087
0.0602007 241.68
0.0635452 242.246
0.0668896 242.788
0.0702341 243.311
0.0735786 243.816
0.0769231 244.305
0.0802676 244.776
0.083612 245.229
0.0869565 245.664
0.090301 246.081
0.0936455 246.479
0.09699 246.86
0.100334 247.226
0.103679 247.578
0.107023 247.919
0.110368 248.251
0.113712 248.575
0.117057 248.892
0.120401 249.203
0.123746 249.508
0.12709 249.808
0.130435 250.104
0.133779 250.395
0.137124 250.682
0.140468 250.964
0.143813 251.241
0.147157 251.511
0.150502 251.775
0.153846 252.032
0.157191 252.283
0.160535 252.527
0.16388 252.766
0.167224 253
0.170569 253.229
0.173913 253.454
0.177258 253.677
0.180602 253.897
0.183946 254.117
0.187291 254.337
0.190635 254.559
0.19398 254.783
0.197324 255.007
0.200669 255.229
0.204013 255.446
0.207358 255.658
0.210702 255.861
0.214047 256.054
0.217391 256.241
0.220736 256.423
0.22408 256.602
0.227425 256.781
0.230769 256.961
0.234114 257.145
0.237458 257.331
0.240803 257.518
0.244147 257.707
0.247492 257.894
0.250836 258.081
0.254181 258.266
0.257525 258.448
0.26087 258.628
0.264214 258.806
0.267559 258.982
0.270903 259.155
0.274247 259.325
0.277592 259.493
0.280936 259.659
0.284281 259.822
0.287625 259.983
0.29097 260.141
0.294314 260.298
0.297659 260.452
0.301003 260.605
0.304348 260.757
0.307692 260.907
0.311037 261.056
0.314381 261.205
0.317726 261.353
0.32107 261.5
0.324415 261.647
0.327759 261.793
0.331104 261.94
0.334448 262.086
0.337793 262.231
0.341137 262.375
0.344482 262.518
0.347826 262.659
0.351171 262.799
0.354515 262.936
0.35786 263.072
0.361204 263.208
0.364548 263.345
0.367893 263.483
0.371237 263.623
0.374582 263.765
0.377926 263.909
0.381271 264.052
0.384615 264.193
0.38796 264.331
0.391304 264.465
0.394649 264.594
0.397993 264.719
0.401338 264.84
0.404682 264.96
0.408027 265.078
0.411371 265.196
0.414716 265.313
0.41806 265.432
0.421405 265.551
0.424749 265.672
0.428094 265.794
0.431438 265.918
0.434783 266.044
0.438127 266.169
0.441472 266.293
0.444816 266.414
0.448161 266.531
0.451505 266.643
0.454849 266.749
0.458194 266.853
0.461538 266.955
0.464883 267.059
0.468227 267.166
0.471572 267.279
0.474916 267.398
0.478261 267.521
0.481605 267.647
0.48495 267.775
0.488294 267.902
0.491639 268.028
0.494983 268.152
0.498328 268.274
0.501672 268.394
0.505017 268.513
0.508361 268.631
0.511706 268.748
0.51505 268.865
0.518395 268.981
0.521739 269.096
0.525084 269.21
0.528428 269.323
0.531773 269.435
0.535117 269.546
0.538462 269.656
0.541806 269.765
0.545151 269.873
0.548495 269.981
0.551839 270.089
0.555184 270.197
0.558528 270.306
0.561873 270.415
0.565217 270.527
0.568562 270.641
0.571906 270.758
0.575251 270.878
0.578595 271.002
0.58194 271.129
0.585284 271.26
0.588629 271.395
0.591973 271.534
0.595318 271.676
0.598662 271.821
0.602007 271.968
0.605351 272.115
0.608696 272.262
0.61204 272.407
0.615385 272.55
0.618729 272.694
0.622074 272.839
0.625418 272.985
0.628763 273.135
0.632107 273.289
0.635452 273.447
0.638796 273.608
0.64214 273.772
0.645485 273.938
0.648829 274.105
0.652174 274.273
0.655518 274.441
0.658863 274.609
0.662207 274.779
0.665552 274.949
0.668896 275.122
0.672241 275.296
0.675585 275.472
0.67893 275.651
0.682274 275.831
0.685619 276.013
0.688963 276.197
0.692308 276.383
0.695652 276.57
0.698997 276.758
0.702341 276.947
0.705686 277.135
0.70903 277.322
0.712375 277.509
0.715719 277.694
0.719064 277.879
0.722408 278.065
0.725753 278.251
0.729097 278.44
0.732441 278.63
0.735786 278.824
0.73913 279.02
0.742475 279.221
0.745819 279.425
0.749164 279.634
0.752508 279.848
0.755853 280.066
0.759197 280.289
0.762542 280.515
0.765886 280.743
0.769231 280.974
0.772575 281.206
0.77592 281.44
0.779264 281.676
0.782609 281.915
0.785953 282.155
0.789298 282.399
0.792642 282.646
0.795987 282.896
0.799331 283.149
0.802676 283.405
0.80602 283.663
0.809365 283.923
0.812709 284.185
0.816054 284.448
0.819398 284.713
0.822742 284.979
0.826087 285.246
0.829431 285.512
0.832776 285.779
0.83612 286.046
0.839465 286.316
0.842809 286.588
0.846154 286.865
0.849498 287.148
0.852843 287.436
0.856187 287.731
0.859532 288.03
0.862876 288.331
0.866221 288.634
0.869565 288.937
0.87291 289.24
0.876254 289.541
0.879599 289.842
0.882943 290.143
0.886288 290.445
0.889632 290.749
0.892977 291.055
0.896321 291.365
0.899666 291.679
0.90301 291.999
0.906355 292.326
0.909699 292.662
0.913043 293.006
0.916388 293.36
0.919732 293.721
0.923077 294.089
0.926421 294.462
0.929766 294.841
0.93311 295.223
0.936455 295.609
0.939799 296
0.943144 296.395
0.946488 296.795
0.949833 297.2
0.953177 297.611
0.956522 298.028
0.959866 298.449
0.963211 298.875
0.966555 299.306
0.9699 299.74
0.973244 300.179
0.976589 300.621
0.979933 301.067
0.983278 301.516
0.986622 301.97
0.989967 302.427
0.993311 302.889
0.996656 303.354
1 303.823
