0 0
0.005 5.36071
0.01 10.7183
0.015 16.0729
0.02 21.4242
0.025 26.7725
0.03 32.1176
0.035 37.4596
0.04 42.7984
0.045 48.1342
0.05 53.4669
0.055 58.7964
0.06 64.1229
0.065 69.4464
0.07 74.7667
0.075 80.0841
0.08 85.3983
0.085 90.7096
0.09 96.0178
0.095 101.323
0.1 106.625
0.105 111.925
0.11 117.221
0.115 122.514
0.12 127.804
0.125 133.092
0.13 138.376
0.135 143.658
0.14 148.936
0.145 154.212
0.15 159.485
0.155 164.755
0.16 170.022
0.165 175.286
0.17 180.547
0.175 185.806
0.18 191.061
0.185 196.314
0.19 201.564
0.195 206.811
0.2 212.055
0.205 217.297
0.21 222.536
0.215 227.772
0.22 233.005
0.225 238.236
0.23 243.464
0.235 248.689
0.24 253.911
0.245 259.131
0.25 264.348
0.255 269.562
0.26 274.774
0.265 279.983
0.27 285.189
0.275 290.393
0.28 295.594
0.285 300.793
0.29 305.989
0.295 311.182
0.3 316.373
0.305 321.561
0.31 326.746
0.315 331.929
0.32 337.11
0.325 342.288
0.33 347.463
0.335 352.636
0.34 357.807
0.345 362.975
0.35 368.14
0.355 373.303
0.36 378.464
0.365 383.622
0.37 388.778
0.375 393.931
0.38 399.082
0.385 404.231
0.39 409.377
0.395 414.52
0.4 419.662
0.405 424.801
0.41 429.937
0.415 435.072
0.42 440.204
0.425 445.334
0.43 450.461
0.435 455.586
0.44 460.709
0.445 465.83
0.45 470.948
0.455 476.064
0.46 481.178
0.465 486.289
0.47 491.399
0.475 496.506
0.48 501.611
0.485 506.714
0.49 511.815
0.495 516.913
0.5 522.01
0.505 527.104
0.51 532.196
0.515 537.286
0.52 542.374
0.525 547.46
0.53 552.543
0.535 557.625
0.54 562.705
0.545 567.782
0.55 572.858
0.555 577.931
0.56 583.003
0.565 588.072
0.57 593.14
0.575 598.205
0.58 603.269
0.585 608.331
0.59 613.39
0.595 618.448
0.6 623.504
0.605 628.558
0.61 633.61
0.615 638.66
0.62 643.708
0.625 648.754
0.63 653.799
0.635 658.841
0.64 663.882
0.645 668.921
0.65 673.958
0.655 678.993
0.66 684.027
0.665 689.059
0.67 694.089
0.675 699.117
0.68 704.143
0.685 709.168
0.69 714.191
0.695 719.213
0.7 724.232
0.705 729.25
0.71 734.266
0.715 739.281
0.72 744.294
0.725 749.305
0.73 754.314
0.735 759.322
0.74 764.329
0.745 769.333
0.75 774.336
0.755 779.338
0.76 784.338
0.765 789.336
0.77 794.333
0.775 799.328
0.78 804.322
0.785 809.314
0.79 814.305
0.795 819.294
0.8 824.282
0.805 829.268
0.81 834.253
0.815 839.236
0.82 844.218
0.825 849.198
0.83 854.177
0.835 859.154
0.84 864.131
0.845 869.105
0.85 874.079
0.855 879.05
0.86 884.021
0.865 888.99
0.87 893.958
0.875 898.924
0.88 903.889
0.885 908.853
0.89 913.815
0.895 918.777
0.9 923.736
0.905 928.695
0.91 933.652
0.915 938.608
0.92 943.563
0.925 948.516
0.93 953.468
0.935 958.419
0.94 963.369
0.945 968.317
0.95 973.264
0.955 978.21
0.96 983.155
0.965 988.098
0.97 993.04
0.975 997.981
0.98 1002.92
0.985 1007.86
0.99 1012.8
0.995 1017.73
1 1022.67

0 -0.000719019
0.00334448 3.5856
0.00668896 7.17048
0.0100334 10.7539
0.0133779 14.336
0.0167224 17.9166
0.0200669 21.4958
0.0234114 25.0736
0.0267559 28.65
0.0301003 32.2249
0.0334448 35.7985
0.0367893 39.3707
0.0401338 42.9414
0.0434783 46.5108
0.0468227 50.0788
0.0501672 53.6454
0.0535117 57.2106
0.0568562 60.7744
0.0602007 64.3369
0.0635452 67.898
0.0668896 71.4577
0.0702341 75.016
0.0735786 78.573
0.0769231 82.1286
0.0802676 85.6828
0.083612 89.2357
0.0869565 92.7873
0.090301 96.3375
0.0936455 99.8863
0.09699 103.434
0.100334 106.98
0.103679 110.525
0.107023 114.068
0.110368 117.61
0.113712 121.151
0.117057 124.691
0.120401 128.229
0.123746 131.766
0.12709 135.301
0.130435 138.836
0.133779 142.368
0.137124 145.9
0.140468 149.43
0.143813 152.959
0.147157 156.487
0.150502 160.014
0.153846 163.539
0.157191 167.063
0.160535 170.585
0.16388 174.106
0.167224 177.626
0.170569 181.145
0.173913 184.663
0.177258 188.179
0.180602 191.694
0.183946 195.207
0.187291 198.72
0.190635 202.231
0.19398 205.741
0.197324 209.249
0.200669 212.757
0.204013 216.263
0.207358 219.768
0.210702 223.271
0.214047 226.774
0.217391 230.275
0.220736 233.775
0.22408 237.274
0.227425 240.771
0.230769 244.268
0.234114 247.763
0.237458 251.257
0.240803 254.749
0.244147 258.241
0.247492 261.731
0.250836 265.22
0.254181 268.708
0.257525 272.194
0.26087 275.68
0.264214 279.164
0.267559 282.647
0.270903 286.129
0.274247 289.61
0.277592 293.09
0.280936 296.568
0.284281 300.045
0.287625 303.521
0.29097 306.996
0.294314 310.47
0.297659 313.943
0.301003 317.414
0.304348 320.884
0.307692 324.353
0.311037 327.821
0.314381 331.288
0.317726 334.754
0.32107 338.219
0.324415 341.682
0.327759 345.144
0.331104 348.606
0.334448 352.066
0.337793 355.525
0.341137 358.982
0.344482 362.439
0.347826 365.895
0.351171 369.349
0.354515 372.803
0.35786 376.255
0.361204 379.706
0.364548 383.157
0.367893 386.606
0.371237 390.054
0.374582 393.501
0.377926 396.946
0.381271 400.391
0.384615 403.835
0.38796 407.277
0.391304 410.719
0.394649 414.159
0.397993 417.599
0.401338 421.037
0.404682 424.474
0.408027 427.911
0.411371 431.346
0.414716 434.78
0.41806 438.213
0.421405 441.645
0.424749 445.076
0.428094 448.507
0.431438 451.936
0.434783 455.364
0.438127 458.79
0.441472 462.216
0.444816 465.641
0.448161 469.065
0.451505 472.488
0.454849 475.91
0.458194 479.331
0.461538 482.751
0.464883 486.17
0.468227 489.588
0.471572 493.005
0.474916 496.421
0.478261 499.836
0.481605 503.25
0.48495 506.663
0.488294 510.075
0.491639 513.486
0.494983 516.896
0.498328 520.305
0.501672 523.714
0.505017 527.121
0.508361 530.527
0.511706 533.933
0.51505 537.337
0.518395 540.741
0.521739 544.143
0.525084 547.545
0.528428 550.945
0.531773 554.345
0.535117 557.744
0.538462 561.142
0.541806 564.539
0.545151 567.935
0.548495 571.33
0.551839 574.724
0.555184 578.118
0.558528 581.51
0.561873 584.902
0.565217 588.293
0.568562 591.682
0.571906 595.071
0.575251 598.459
0.578595 601.846
0.58194 605.233
0.585284 608.618
0.588629 612.003
0.591973 615.386
0.595318 618.769
0.598662 622.151
0.602007 625.532
0.605351 628.912
0.608696 632.292
0.61204 635.67
0.615385 639.048
0.618729 642.425
0.622074 645.801
0.625418 649.176
0.628763 652.55
0.632107 655.924
0.635452 659.296
0.638796 662.668
0.64214 666.039
0.645485 669.409
0.648829 672.779
0.652174 676.147
0.655518 679.515
0.658863 682.882
0.662207 686.248
0.665552 689.614
0.668896 692.978
0.672241 696.342
0.675585 699.705
0.67893 703.068
0.682274 706.429
0.685619 709.79
0.688963 713.15
0.692308 716.509
0.695652 719.867
0.698997 723.225
0.702341 726.582
0.705686 729.938
0.70903 733.293
0.712375 736.648
0.715719 740.002
0.719064 743.355
0.722408 746.707
0.725753 750.059
0.729097 753.41
0.732441 756.76
0.735786 760.109
0.73913 763.458
0.742475 766.806
0.745819 770.153
0.749164 773.5
0.752508 776.846
0.755853 780.191
0.759197 783.535
0.762542 786.879
0.765886 790.222
0.769231 793.565
0.772575 796.906
0.77592 800.247
0.779264 803.588
0.782609 806.927
0.785953 810.266
0.789298 813.604
0.792642 816.942
0.795987 820.279
0.799331 823.615
0.802676 826.95
0.80602 830.285
0.809365 833.62
0.812709 836.953
0.816054 840.286
0.819398 843.618
0.822742 846.95
0.826087 850.281
0.829431 853.611
0.832776 856.941
0.83612 860.27
0.839465 863.598
0.842809 866.926
0.846154 870.253
0.849498 873.58
0.852843 876.906
0.856187 880.231
0.859532 883.556
0.862876 886.88
0.866221 890.203
0.869565 893.526
0.87291 896.848
0.876254 900.17
0.879599 903.491
0.882943 906.811
0.886288 910.131
0.889632 913.45
0.892977 916.769
0.896321 920.087
0.899666 923.405
0.90301 926.721
0.906355 930.038
0.909699 933.353
0.913043 936.669
0.916388 939.983
0.919732 943.297
0.923077 946.611
0.926421 949.923
0.929766 953.236
0.93311 956.548
0.936455 959.859
0.939799 963.169
0.943144 966.479
0.946488 969.789
0.949833 973.098
0.953177 976.406
0.956522 979.714
0.959866 983.022
0.963211 986.329
0.966555 989.635
0.9699 992.941
0.973244 996.246
0.976589 999.55
0.979933 1002.85
0.983278 1006.16
0.986622 1009.46
0.989967 1012.76
0.993311 1016.07
0.996656 1019.37
1 1022.67
