0 282.393
0.00334448 282.936
0.00668896 283.465
0.0100334 283.981
0.0133779 284.483
0.0167224 284.972
0.0200669 285.447
0.0234114 285.908
0.0267559 286.357
0.0301003 286.792
0.0334448 287.214
0.0367893 287.625
0.0401338 288.027
0.0434783 288.421
0.0468227 288.81
0.0501672 289.195
0.0535117 289.578
0.0568562 289.96
0.0602007 290.342
0.0635452 290.722
0.0668896 291.104
0.0702341 291.485
0.0735786 291.867
0.0769231 292.247
0.0802676 292.621
0.083612 292.985
0.0869565 293.337
0.090301 293.672
0.0936455 293.991
0.09699 294.298
0.100334 294.601
0.103679 294.906
0.107023 295.221
0.110368 295.553
0.113712 295.905
0.117057 296.269
0.120401 296.637
0.123746 296.998
0.12709 297.344
0.130435 297.664
0.133779 297.956
0.137124 298.225
0.140468 298.484
0.143813 298.741
0.147157 299.007
0.150502 299.293
0.153846 299.604
0.157191 299.935
0.160535 300.279
0.16388 300.629
0.167224 300.979
0.170569 301.322
0.173913 301.652
0.177258 301.973
0.180602 302.286
0.183946 302.593
0.187291 302.898
0.190635 303.202
0.19398 303.508
0.197324 303.815
0.200669 304.123
0.204013 304.432
0.207358 304.741
0.210702 305.051
0.214047 305.361
0.217391 305.67
0.220736 305.977
0.22408 306.28
0.227425 306.578
0.230769 306.871
0.234114 307.157
0.237458 307.439
0.240803 307.717
0.244147 307.994
0.247492 308.27
0.250836 308.548
0.254181 308.827
0.257525 309.107
0.26087 309.387
0.264214 309.664
0.267559 309.938
0.270903 310.207
0.274247 310.472
0.277592 310.733
0.280936 310.994
0.284281 311.256
0.287625 311.522
0.29097 311.794
0.294314 312.072
0.297659 312.353
0.301003 312.634
0.304348 312.909
0.307692 313.177
0.311037 313.433
0.314381 313.677
0.317726 313.915
0.32107 314.154
0.324415 314.4
0.327759 314.66
0.331104 314.939
0.334448 315.24
0.337793 315.557
0.341137 315.885
0.344482 316.217
0.347826 316.548
0.351171 316.872
0.354515 317.186
0.35786 317.492
0.361204 317.79
0.364548 318.082
0.367893 318.37
0.371237 318.656
0.374582 318.94
0.377926 319.225
0.381271 319.51
0.384615 319.799
0.38796 320.091
0.391304 320.388
0.394649 320.691
0.397993 320.998
0.401338 321.308
0.404682 321.62
0.408027 321.933
0.411371 322.247
0.414716 322.558
0.41806 322.868
0.421405 323.176
0.424749 323.48
0.428094 323.78
0.431438 324.075
0.434783 324.366
0.438127 324.653
0.441472 324.938
0.444816 325.221
0.448161 325.504
0.451505 325.789
0.454849 326.075
0.458194 326.361
0.461538 326.647
0.464883 326.932
0.468227 327.215
0.471572 327.495
0.474916 327.771
0.478261 328.046
0.481605 328.32
0.48495 328.593
0.488294 328.866
0.491639 329.141
0.494983 329.418
0.498328 329.696
0.501672 329.974
0.505017 330.252
0.508361 330.53
0.511706 330.806
0.51505 331.082
0.518395 331.355
0.521739 331.628
0.525084 331.899
0.528428 332.169
0.531773 332.437
0.535117 332.704
0.538462 332.969
0.541806 333.232
0.545151 333.494
0.548495 333.753
0.551839 334.009
0.555184 334.263
0.558528 334.512
0.561873 334.757
0.565217 334.996
0.568562 335.228
0.571906 335.452
0.575251 335.67
0.578595 335.884
0.58194 336.096
0.585284 336.309
0.588629 336.524
0.591973 336.745
0.595318 336.971
0.598662 337.201
0.602007 337.433
0.605351 337.665
0.608696 337.896
0.61204 338.123
0.615385 338.347
0.618729 338.567
0.622074 338.784
0.625418 338.997
0.628763 339.206
0.632107 339.413
0.635452 339.616
0.638796 339.816
0.64214 340.014
0.645485 340.209
0.648829 340.403
0.652174 340.595
0.655518 340.785
0.658863 340.972
0.662207 341.155
0.665552 341.332
0.668896 341.503
0.672241 341.667
0.675585 341.824
0.67893 341.976
0.682274 342.123
0.685619 342.268
0.688963 342.411
0.692308 342.553
0.695652 342.695
0.698997 342.836
0.702341 342.975
0.705686 343.112
0.70903 343.244
0.712375 343.372
0.715719 343.497
0.719064 343.62
0.722408 343.742
0.725753 343.864
0.729097 343.99
0.732441 344.119
0.735786 344.251
0.73913 344.382
0.742475 344.51
0.745819 344.633
0.749164 344.747
0.752508 344.851
0.755853 344.946
0.759197 345.035
0.762542 345.122
0.765886 345.211
0.769231 345.306
0.772575 345.409
0.77592 345.519
0.779264 345.632
0.782609 345.743
0.785953 345.849
0.789298 345.946
0.792642 346.031
0.795987 346.103
0.799331 346.167
0.802676 346.225
0.80602 346.281
0.809365 346.338
0.812709 346.399
0.816054 346.461
0.819398 346.522
0.822742 346.579
0.826087 346.629
0.829431 346.669
0.832776 346.696
0.83612 346.714
0.839465 346.728
0.842809 346.743
0.846154 346.764
0.849498 346.797
0.852843 346.848
0.856187 346.931
0.859532 347.059
0.862876 347.25
0.866221 347.517
0.869565 347.877
0.87291 348.34
0.876254 348.891
0.879599 349.504
0.882943 350.153
0.886288 350.813
0.889632 351.458
0.892977 352.067
0.896321 352.644
0.899666 353.202
0.90301 353.753
0.906355 354.311
0.909699 354.888
0.913043 355.495
0.916388 356.128
0.919732 356.78
0.923077 357.446
0.926421 358.117
0.929766 358.786
0.93311 359.449
0.936455 360.108
0.939799 360.771
0.943144 361.444
0.946488 362.132
0.949833 362.842
0.953177 363.578
0.956522 364.334
0.959866 365.098
0.963211 365.861
0.966555 366.613
0.9699 367.343
0.973244 368.044
0.976589 368.714
0.979933 369.357
0.983278 369.974
0.986622 370.566
0.989967 371.137
0.993311 371.688
0.996656 372.221
1 372.737
