0 0
0.005 4.89052
0.01 9.78063
0.015 14.6704
0.02 19.5598
0.025 24.4489
0.03 29.3377
0.035 34.2263
0.04 39.1145
0.045 44.0024
0.05 48.8901
0.055 53.7774
0.06 58.6645
0.065 63.5513
0.07 68.4378
0.075 73.3241
0.08 78.21
0.085 83.0957
0.09 87.9811
0.095 92.8663
0.1 97.7512
0.105 102.636
0.11 107.52
0.115 112.404
0.12 117.288
0.125 122.172
0.13 127.055
0.135 131.938
0.14 136.821
0.145 141.704
0.15 146.586
0.155 151.468
0.16 156.35
0.165 161.231
0.17 166.113
0.175 170.994
0.18 175.875
0.185 180.755
0.19 185.636
0.195 190.516
0.2 195.396
0.205 200.276
0.21 205.155
0.215 210.035
0.22 214.914
0.225 219.793
0.23 224.671
0.235 229.55
0.24 234.428
0.245 239.306
0.25 244.184
0.255 249.062
0.26 253.939
0.265 258.816
0.27 263.693
0.275 268.57
0.28 273.447
0.285 278.323
0.29 283.199
0.295 288.075
0.3 292.951
0.305 297.827
0.31 302.702
0.315 307.577
0.32 312.453
0.325 317.327
0.33 322.202
0.335 327.077
0.34 331.951
0.345 336.825
0.35 341.699
0.355 346.573
0.36 351.446
0.365 356.32
0.37 361.193
0.375 366.066
0.38 370.939
0.385 375.812
0.39 380.685
0.395 385.557
0.4 390.429
0.405 395.302
0.41 400.173
0.415 405.045
0.42 409.917
0.425 414.789
0.43 419.66
0.435 424.531
0.44 429.402
0.445 434.273
0.45 439.144
0.455 444.014
0.46 448.885
0.465 453.755
0.47 458.625
0.475 463.495
0.48 468.365
0.485 473.235
0.49 478.105
0.495 482.974
0.5 487.844
0.505 492.713
0.51 497.582
0.515 502.451
0.52 507.32
0.525 512.188
0.53 517.057
0.535 521.926
0.54 526.794
0.545 531.662
0.55 536.53
0.555 541.398
0.56 546.266
0.565 551.134
0.57 556.002
0.575 560.869
0.58 565.737
0.585 570.604
0.59 575.472
0.595 580.339
0.6 585.206
0.605 590.073
0.61 594.94
0.615 599.807
0.62 604.673
0.625 609.54
0.63 614.406
0.635 619.273
0.64 624.139
0.645 629.005
0.65 633.872
0.655 638.738
0.66 643.604
0.665 648.47
0.67 653.336
0.675 658.201
0.68 663.067
0.685 667.933
0.69 672.798
0.695 677.664
0.7 682.529
0.705 687.394
0.71 692.26
0.715 697.125
0.72 701.99
0.725 706.855
0.73 711.72
0.735 716.585
0.74 721.45
0.745 726.315
0.75 731.18
0.755 736.045
0.76 740.91
0.765 745.774
0.77 750.639
0.775 755.504
0.78 760.368
0.785 765.233
0.79 770.097
0.795 774.962
0.8 779.826
0.805 784.691
0.81 789.555
0.815 794.419
0.82 799.283
0.825 804.148
0.83 809.012
0.835 813.876
0.84 818.74
0.845 823.605
0.85 828.469
0.855 833.333
0.86 838.197
0.865 843.061
0.87 847.925
0.875 852.789
0.88 857.653
0.885 862.518
0.89 867.382
0.895 872.246
0.9 877.11
0.905 881.974
0.91 886.838
0.915 891.702
0.92 896.566
0.925 901.43
0.93 906.294
0.935 911.158
0.94 916.023
0.945 920.887
0.95 925.751
0.955 930.615
0.96 935.479
0.965 940.344
0.97 945.208
0.975 950.072
0.98 954.937
0.985 959.801
0.99 964.666
0.995 969.53
1 974.395

0 0.000365077
0.00334448 3.27151
0.00668896 6.54252
0.0100334 9.81339
0.0133779 13.0841
0.0167224 16.3547
0.0200669 19.6252
0.0234114 22.8955
0.0267559 26.1657
0.0301003 29.4358
0.0334448 32.7057
0.0367893 35.9755
0.0401338 39.2452
0.0434783 42.5148
0.0468227 45.7842
0.0501672 49.0535
0.0535117 52.3226
0.0568562 55.5917
0.0602007 58.8606
0.0635452 62.1293
0.0668896 65.398
0.0702341 68.6665
0.0735786 71.9349
0.0769231 75.2032
0.0802676 78.4714
0.083612 81.7394
0.0869565 85.0074
0.090301 88.2752
0.0936455 91.5428
0.09699 94.8104
0.100334 98.0778
0.103679 101.345
0.107023 104.612
0.110368 107.879
0.113712 111.146
0.117057 114.413
0.120401 117.68
0.123746 120.947
0.12709 124.213
0.130435 127.48
0.133779 130.746
0.137124 134.012
0.140468 137.278
0.143813 140.544
0.147157 143.81
0.150502 147.076
0.153846 150.341
0.157191 153.607
0.160535 156.872
0.16388 160.138
0.167224 163.403
0.170569 166.668
0.173913 169.933
0.177258 173.198
0.180602 176.463
0.183946 179.727
0.187291 182.992
0.190635 186.256
0.19398 189.521
0.197324 192.785
0.200669 196.049
0.204013 199.313
0.207358 202.577
0.210702 205.841
0.214047 209.105
0.217391 212.368
0.220736 215.632
0.22408 218.895
0.227425 222.159
0.230769 225.422
0.234114 228.685
0.237458 231.948
0.240803 235.211
0.244147 238.474
0.247492 241.737
0.250836 245
0.254181 248.262
0.257525 251.525
0.26087 254.787
0.264214 258.05
0.267559 261.312
0.270903 264.574
0.274247 267.836
0.277592 271.098
0.280936 274.36
0.284281 277.622
0.287625 280.884
0.29097 284.145
0.294314 287.407
0.297659 290.668
0.301003 293.93
0.304348 297.191
0.307692 300.452
0.311037 303.713
0.314381 306.974
0.317726 310.235
0.32107 313.496
0.324415 316.757
0.327759 320.017
0.331104 323.278
0.334448 326.539
0.337793 329.799
0.341137 333.059
0.344482 336.32
0.347826 339.58
0.351171 342.84
0.354515 346.1
0.35786 349.36
0.361204 352.62
0.364548 355.88
0.367893 359.14
0.371237 362.399
0.374582 365.659
0.377926 368.918
0.381271 372.178
0.384615 375.437
0.38796 378.696
0.391304 381.956
0.394649 385.215
0.397993 388.474
0.401338 391.733
0.404682 394.992
0.408027 398.251
0.411371 401.51
0.414716 404.768
0.41806 408.027
0.421405 411.285
0.424749 414.544
0.428094 417.802
0.431438 421.061
0.434783 424.319
0.438127 427.577
0.441472 430.836
0.444816 434.094
0.448161 437.352
0.451505 440.61
0.454849 443.868
0.458194 447.126
0.461538 450.383
0.464883 453.641
0.468227 456.899
0.471572 460.156
0.474916 463.414
0.478261 466.671
0.481605 469.929
0.48495 473.186
0.488294 476.443
0.491639 479.701
0.494983 482.958
0.498328 486.215
0.501672 489.472
0.505017 492.729
0.508361 495.986
0.511706 499.243
0.51505 502.5
0.518395 505.757
0.521739 509.013
0.525084 512.27
0.528428 515.527
0.531773 518.783
0.535117 522.04
0.538462 525.296
0.541806 528.552
0.545151 531.809
0.548495 535.065
0.551839 538.321
0.555184 541.578
0.558528 544.834
0.561873 548.09
0.565217 551.346
0.568562 554.602
0.571906 557.858
0.575251 561.114
0.578595 564.37
0.58194 567.625
0.585284 570.881
0.588629 574.137
0.591973 577.393
0.595318 580.648
0.598662 583.904
0.602007 587.159
0.605351 590.415
0.608696 593.67
0.61204 596.926
0.615385 600.181
0.618729 603.436
0.622074 606.692
0.625418 609.947
0.628763 613.202
0.632107 616.457
0.635452 619.712
0.638796 622.967
0.64214 626.222
0.645485 629.477
0.648829 632.732
0.652174 635.987
0.655518 639.242
0.658863 642.497
0.662207 645.752
0.665552 649.007
0.668896 652.261
0.672241 655.516
0.675585 658.771
0.67893 662.026
0.682274 665.28
0.685619 668.535
0.688963 671.789
0.692308 675.044
0.695652 678.298
0.698997 681.553
0.702341 684.807
0.705686 688.062
0.70903 691.316
0.712375 694.57
0.715719 697.825
0.719064 701.079
0.722408 704.333
0.725753 707.587
0.729097 710.842
0.732441 714.096
0.735786 717.35
0.73913 720.604
0.742475 723.858
0.745819 727.112
0.749164 730.366
0.752508 733.621
0.755853 736.875
0.759197 740.129
0.762542 743.383
0.765886 746.637
0.769231 749.89
0.772575 753.144
0.77592 756.398
0.779264 759.652
0.782609 762.906
0.785953 766.16
0.789298 769.414
0.792642 772.668
0.795987 775.921
0.799331 779.175
0.802676 782.429
0.80602 785.683
0.809365 788.936
0.812709 792.19
0.816054 795.444
0.819398 798.698
0.822742 801.951
0.826087 805.205
0.829431 808.459
0.832776 811.712
0.83612 814.966
0.839465 818.22
0.842809 821.473
0.846154 824.727
0.849498 827.981
0.852843 831.234
0.856187 834.488
0.859532 837.741
0.862876 840.995
0.866221 844.249
0.869565 847.502
0.87291 850.756
0.876254 854.009
0.879599 857.263
0.882943 860.517
0.886288 863.77
0.889632 867.024
0.892977 870.277
0.896321 873.531
0.899666 876.784
0.90301 880.038
0.906355 883.292
0.909699 886.545
0.913043 889.799
0.916388 893.052
0.919732 896.306
0.923077 899.56
0.926421 902.813
0.929766 906.067
0.93311 909.32
0.936455 912.574
0.939799 915.828
0.943144 919.081
0.946488 922.335
0.949833 925.589
0.953177 928.842
0.956522 932.096
0.959866 935.35
0.963211 938.603
0.966555 941.857
0.9699 945.111
0.973244 948.364
0.976589 951.618
0.979933 954.872
0.983278 958.126
0.986622 961.379
0.989967 964.633
0.993311 967.887
0.996656 971.141
1 974.395
