0 349.978
0.00334448 350.965
0.00668896 351.911
0.0100334 352.817
0.0133779 353.681
0.0167224 354.505
0.0200669 355.289
0.0234114 356.031
0.0267559 356.734
0.0301003 357.396
0.0334448 358.02
0.0367893 358.61
0.0401338 359.171
0.0434783 359.709
0.0468227 360.231
0.0501672 360.74
0.0535117 361.243
0.0568562 361.738
0.0602007 362.226
0.0635452 362.704
0.0668896 363.172
0.0702341 363.629
0.0735786 364.075
0.0769231 364.508
0.0802676 364.93
0.083612 365.34
0.0869565 365.738
0.090301 366.124
0.0936455 366.498
0.09699 366.861
0.100334 367.213
0.103679 367.554
0.107023 367.886
0.110368 368.207
0.113712 368.52
0.117057 368.824
0.120401 369.123
0.123746 369.416
0.12709 369.705
0.130435 369.991
0.133779 370.276
0.137124 370.558
0.140468 370.838
0.143813 371.114
0.147157 371.385
0.150502 371.651
0.153846 371.911
0.157191 372.168
0.160535 372.421
0.16388 372.673
0.167224 372.926
0.170569 373.181
0.173913 373.438
0.177258 373.696
0.180602 373.953
0.183946 374.209
0.187291 374.459
0.190635 374.705
0.19398 374.943
0.197324 375.174
0.200669 375.398
0.204013 375.616
0.207358 375.828
0.210702 376.034
0.214047 376.235
0.217391 376.433
0.220736 376.628
0.22408 376.824
0.227425 377.021
0.230769 377.222
0.234114 377.426
0.237458 377.632
0.240803 377.839
0.244147 378.044
0.247492 378.245
0.250836 378.44
0.254181 378.629
0.257525 378.811
0.26087 378.99
0.264214 379.165
0.267559 379.339
0.270903 379.513
0.274247 379.686
0.277592 379.859
0.280936 380.029
0.284281 380.194
0.287625 380.353
0.29097 380.505
0.294314 380.649
0.297659 380.79
0.301003 380.93
0.304348 381.074
0.307692 381.226
0.311037 381.388
0.314381 381.563
0.317726 381.745
0.32107 381.929
0.324415 382.11
0.327759 382.283
0.331104 382.443
0.334448 382.588
0.337793 382.723
0.341137 382.851
0.344482 382.977
0.347826 383.105
0.351171 383.24
0.354515 383.383
0.35786 383.532
0.361204 383.684
0.364548 383.836
0.367893 383.986
0.371237 384.13
0.374582 384.268
0.377926 384.401
0.381271 384.529
0.384615 384.655
0.38796 384.778
0.391304 384.901
0.394649 385.023
0.397993 385.145
0.401338 385.267
0.404682 385.388
0.408027 385.508
0.411371 385.627
0.414716 385.745
0.41806 385.863
0.421405 385.98
0.424749 386.099
0.428094 386.218
0.431438 386.339
0.434783 386.461
0.438127 386.584
0.441472 386.708
0.444816 386.831
0.448161 386.953
0.451505 387.073
0.454849 387.191
0.458194 387.308
0.461538 387.423
0.464883 387.538
0.468227 387.652
0.471572 387.766
0.474916 387.881
0.478261 387.996
0.481605 388.112
0.48495 388.231
0.488294 388.352
0.491639 388.475
0.494983 388.601
0.498328 388.728
0.501672 388.852
0.505017 388.972
0.508361 389.086
0.511706 389.191
0.51505 389.289
0.518395 389.379
0.521739 389.465
0.525084 389.548
0.528428 389.629
0.531773 389.71
0.535117 389.794
0.538462 389.88
0.541806 389.97
0.545151 390.064
0.548495 390.164
0.551839 390.27
0.555184 390.382
0.558528 390.498
0.561873 390.616
0.565217 390.735
0.568562 390.852
0.571906 390.966
0.575251 391.076
0.578595 391.182
0.58194 391.285
0.585284 391.385
0.588629 391.482
0.591973 391.575
0.595318 391.667
0.598662 391.756
0.602007 391.844
0.605351 391.932
0.608696 392.019
0.61204 392.107
0.615385 392.196
0.618729 392.289
0.622074 392.386
0.625418 392.489
0.628763 392.601
0.632107 392.721
0.635452 392.849
0.638796 392.981
0.64214 393.112
0.645485 393.239
0.648829 393.357
0.652174 393.464
0.655518 393.559
0.658863 393.646
0.662207 393.727
0.665552 393.807
0.668896 393.887
0.672241 393.972
0.675585 394.06
0.67893 394.15
0.682274 394.239
0.685619 394.327
0.688963 394.41
0.692308 394.487
0.695652 394.558
0.698997 394.627
0.702341 394.696
0.705686 394.767
0.70903 394.843
0.712375 394.927
0.715719 395.018
0.719064 395.116
0.722408 395.218
0.725753 395.324
0.729097 395.433
0.732441 395.543
0.735786 395.654
0.73913 395.764
0.742475 395.873
0.745819 395.98
0.749164 396.085
0.752508 396.187
0.755853 396.286
0.759197 396.381
0.762542 396.472
0.765886 396.559
0.769231 396.641
0.772575 396.719
0.77592 396.793
0.779264 396.864
0.782609 396.934
0.785953 397.004
0.789298 397.074
0.792642 397.147
0.795987 397.222
0.799331 397.3
0.802676 397.38
0.80602 397.463
0.809365 397.548
0.812709 397.637
0.816054 397.727
0.819398 397.818
0.822742 397.907
0.826087 397.993
0.829431 398.074
0.832776 398.15
0.83612 398.222
0.839465 398.293
0.842809 398.365
0.846154 398.442
0.849498 398.527
0.852843 398.622
0.856187 398.724
0.859532 398.83
0.862876 398.936
0.866221 399.04
0.869565 399.136
0.87291 399.223
0.876254 399.301
0.879599 399.374
0.882943 399.446
0.886288 399.519
0.889632 399.596
0.892977 399.681
0.896321 399.771
0.899666 399.864
0.90301 399.957
0.906355 400.047
0.909699 400.131
0.913043 400.206
0.916388 400.276
0.919732 400.343
0.923077 400.411
0.926421 400.485
0.929766 400.566
0.93311 400.658
0.936455 400.759
0.939799 400.864
0.943144 400.97
0.946488 401.073
0.949833 401.168
0.953177 401.254
0.956522 401.331
0.959866 401.402
0.963211 401.468
0.966555 401.533
0.9699 401.599
0.973244 401.666
0.976589 401.735
0.979933 401.803
0.983278 401.868
0.986622 401.928
0.989967 401.981
0.993311 402.024
0.996656 402.057
1 402.08
