0 0
0.005 2.88052
0.01 5.76147
0.015 8.64286
0.02 11.5247
0.025 14.407
0.03 17.2898
0.035 20.173
0.04 23.0567
0.045 25.9409
0.05 28.8255
0.055 31.7106
0.06 34.5962
0.065 37.4823
0.07 40.3688
0.075 43.2558
0.08 46.1433
0.085 49.0313
0.09 51.9197
0.095 54.8087
0.1 57.6981
0.105 60.588
0.11 63.4784
0.115 66.3692
0.12 69.2605
0.125 72.1523
0.13 75.0446
0.135 77.9374
0.14 80.8307
0.145 83.7244
0.15 86.6186
0.155 89.5133
0.16 92.4085
0.165 95.3042
0.17 98.2003
0.175 101.097
0.18 103.994
0.185 106.892
0.19 109.79
0.195 112.688
0.2 115.587
0.205 118.487
0.21 121.387
0.215 124.287
0.22 127.188
0.225 130.09
0.23 132.992
0.235 135.894
0.24 138.797
0.245 141.7
0.25 144.604
0.255 147.509
0.26 150.413
0.265 153.319
0.27 156.224
0.275 159.131
0.28 162.037
0.285 164.945
0.29 167.852
0.295 170.761
0.3 173.669
0.305 176.579
0.31 179.488
0.315 182.398
0.32 185.309
0.325 188.22
0.33 191.132
0.335 194.044
0.34 196.956
0.345 199.869
0.35 202.783
0.355 205.697
0.36 208.611
0.365 211.527
0.37 214.442
0.375 217.358
0.38 220.274
0.385 223.191
0.39 226.109
0.395 229.027
0.4 231.945
0.405 234.864
0.41 237.783
0.415 240.703
0.42 243.624
0.425 246.544
0.43 249.466
0.435 252.387
0.44 255.31
0.445 258.233
0.45 261.156
0.455 264.08
0.46 267.004
0.465 269.929
0.47 272.854
0.475 275.779
0.48 278.706
0.485 281.632
0.49 284.559
0.495 287.487
0.5 290.415
0.505 293.344
0.51 296.273
0.515 299.203
0.52 302.133
0.525 305.063
0.53 307.994
0.535 310.926
0.54 313.858
0.545 316.791
0.55 319.724
0.555 322.657
0.56 325.591
0.565 328.526
0.57 331.461
0.575 334.396
0.58 337.332
0.585 340.269
0.59 343.206
0.595 346.143
0.6 349.081
0.605 352.019
0.61 354.958
0.615 357.898
0.62 360.838
0.625 363.778
0.63 366.719
0.635 369.66
0.64 372.602
0.645 375.545
0.65 378.487
0.655 381.431
0.66 384.375
0.665 387.319
0.67 390.264
0.675 393.209
0.68 396.155
0.685 399.101
0.69 402.048
0.695 404.995
0.7 407.943
0.705 410.891
0.71 413.84
0.715 416.789
0.72 419.739
0.725 422.689
0.73 425.64
0.735 428.591
0.74 431.543
0.745 434.496
0.75 437.448
0.755 440.401
0.76 443.355
0.765 446.309
0.77 449.264
0.775 452.219
0.78 455.175
0.785 458.131
0.79 461.088
0.795 464.045
0.8 467.003
0.805 469.961
0.81 472.92
0.815 475.879
0.82 478.839
0.825 481.799
0.83 484.76
0.835 487.721
0.84 490.682
0.845 493.645
0.85 496.607
0.855 499.57
0.86 502.534
0.865 505.498
0.87 508.463
0.875 511.428
0.88 514.394
0.885 517.36
0.89 520.326
0.895 523.294
0.9 526.261
0.905 529.229
0.91 532.198
0.915 535.167
0.92 538.137
0.925 541.107
0.93 544.078
0.935 547.049
0.94 550.021
0.945 552.993
0.95 555.965
0.955 558.939
0.96 561.912
0.965 564.886
0.97 567.861
0.975 570.836
0.98 573.812
0.985 576.788
0.99 579.765
0.995 582.742
1 585.72

0 0.000350737
0.00334448 1.92696
0.00668896 3.85379
0.0100334 5.78083
0.0133779 7.70808
0.0167224 9.63554
0.0200669 11.5632
0.0234114 13.4911
0.0267559 15.4192
0.0301003 17.3475
0.0334448 19.276
0.0367893 21.2048
0.0401338 23.1337
0.0434783 25.0629
0.0468227 26.9923
0.0501672 28.9219
0.0535117 30.8517
0.0568562 32.7817
0.0602007 34.7119
0.0635452 36.6424
0.0668896 38.573
0.0702341 40.5039
0.0735786 42.435
0.0769231 44.3663
0.0802676 46.2978
0.083612 48.2295
0.0869565 50.1615
0.090301 52.0936
0.0936455 54.026
0.09699 55.9586
0.100334 57.8914
0.103679 59.8244
0.107023 61.7576
0.110368 63.6911
0.113712 65.6247
0.117057 67.5586
0.120401 69.4927
0.123746 71.427
0.12709 73.3615
0.130435 75.2962
0.133779 77.2312
0.137124 79.1663
0.140468 81.1017
0.143813 83.0373
0.147157 84.9731
0.150502 86.9091
0.153846 88.8453
0.157191 90.7818
0.160535 92.7185
0.16388 94.6553
0.167224 96.5924
0.170569 98.5297
0.173913 100.467
0.177258 102.405
0.180602 104.343
0.183946 106.281
0.187291 108.22
0.190635 110.158
0.19398 112.097
0.197324 114.036
0.200669 115.975
0.204013 117.915
0.207358 119.854
0.210702 121.794
0.214047 123.734
0.217391 125.675
0.220736 127.615
0.22408 129.556
0.227425 131.497
0.230769 133.438
0.234114 135.38
0.237458 137.321
0.240803 139.263
0.244147 141.205
0.247492 143.147
0.250836 145.09
0.254181 147.033
0.257525 148.975
0.26087 150.919
0.264214 152.862
0.267559 154.806
0.270903 156.749
0.274247 158.693
0.277592 160.638
0.280936 162.582
0.284281 164.527
0.287625 166.471
0.29097 168.417
0.294314 170.362
0.297659 172.307
0.301003 174.253
0.304348 176.199
0.307692 178.145
0.311037 180.092
0.314381 182.038
0.317726 183.985
0.32107 185.932
0.324415 187.879
0.327759 189.827
0.331104 191.774
0.334448 193.722
0.337793 195.67
0.341137 197.619
0.344482 199.567
0.347826 201.516
0.351171 203.465
0.354515 205.414
0.35786 207.364
0.361204 209.313
0.364548 211.263
0.367893 213.213
0.371237 215.164
0.374582 217.114
0.377926 219.065
0.381271 221.016
0.384615 222.967
0.38796 224.918
0.391304 226.87
0.394649 228.822
0.397993 230.774
0.401338 232.726
0.404682 234.678
0.408027 236.631
0.411371 238.584
0.414716 240.537
0.41806 242.49
0.421405 244.444
0.424749 246.398
0.428094 248.352
0.431438 250.306
0.434783 252.26
0.438127 254.215
0.441472 256.17
0.444816 258.125
0.448161 260.08
0.451505 262.036
0.454849 263.992
0.458194 265.947
0.461538 267.904
0.464883 269.86
0.468227 271.817
0.471572 273.773
0.474916 275.731
0.478261 277.688
0.481605 279.645
0.48495 281.603
0.488294 283.561
0.491639 285.519
0.494983 287.477
0.498328 289.436
0.501672 291.395
0.505017 293.354
0.508361 295.313
0.511706 297.272
0.51505 299.232
0.518395 301.192
0.521739 303.152
0.525084 305.112
0.528428 307.073
0.531773 309.034
0.535117 310.995
0.538462 312.956
0.541806 314.917
0.545151 316.879
0.548495 318.841
0.551839 320.803
0.555184 322.765
0.558528 324.728
0.561873 326.69
0.565217 328.653
0.568562 330.616
0.571906 332.58
0.575251 334.543
0.578595 336.507
0.58194 338.471
0.585284 340.436
0.588629 342.4
0.591973 344.365
0.595318 346.33
0.598662 348.295
0.602007 350.26
0.605351 352.226
0.608696 354.192
0.61204 356.158
0.615385 358.124
0.618729 360.09
0.622074 362.057
0.625418 364.024
0.628763 365.991
0.632107 367.958
0.635452 369.926
0.638796 371.894
0.64214 373.862
0.645485 375.83
0.648829 377.798
0.652174 379.767
0.655518 381.736
0.658863 383.705
0.662207 385.674
0.665552 387.644
0.668896 389.614
0.672241 391.584
0.675585 393.554
0.67893 395.524
0.682274 397.495
0.685619 399.466
0.688963 401.437
0.692308 403.408
0.695652 405.38
0.698997 407.352
0.702341 409.324
0.705686 411.296
0.70903 413.268
0.712375 415.241
0.715719 417.214
0.719064 419.187
0.722408 421.16
0.725753 423.134
0.729097 425.107
0.732441 427.081
0.735786 429.055
0.73913 431.03
0.742475 433.004
0.745819 434.979
0.749164 436.954
0.752508 438.93
0.755853 440.905
0.759197 442.881
0.762542 444.857
0.765886 446.833
0.769231 448.81
0.772575 450.786
0.77592 452.763
0.779264 454.74
0.782609 456.717
0.785953 458.695
0.789298 460.673
0.792642 462.651
0.795987 464.629
0.799331 466.607
0.802676 468.586
0.80602 470.565
0.809365 472.544
0.812709 474.523
0.816054 476.502
0.819398 478.482
0.822742 480.462
0.826087 482.442
0.829431 484.423
0.832776 486.403
0.83612 488.384
0.839465 490.365
0.842809 492.347
0.846154 494.328
0.849498 496.31
0.852843 498.292
0.856187 500.274
0.859532 502.256
0.862876 504.239
0.866221 506.222
0.869565 508.205
0.87291 510.188
0.876254 512.172
0.879599 514.156
0.882943 516.14
0.886288 518.124
0.889632 520.108
0.892977 522.093
0.896321 524.078
0.899666 526.063
0.90301 528.048
0.906355 530.034
0.909699 532.019
0.913043 534.005
0.916388 535.992
0.919732 537.978
0.923077 539.965
0.926421 541.952
0.929766 543.939
0.93311 545.926
0.936455 547.914
0.939799 549.901
0.943144 551.889
0.946488 553.878
0.949833 555.866
0.953177 557.855
0.956522 559.844
0.959866 561.833
0.963211 563.822
0.966555 565.812
0.9699 567.801
0.973244 569.791
0.976589 571.782
0.979933 573.772
0.983278 575.763
0.986622 577.754
0.989967 579.745
0.993311 581.736
0.996656 583.728
1 585.72
